match_number,date,gender,match_type,teams,team1,team2,team_batting,team_bowling,venue,toss_winner,toss_decision,umpires,batter,bowler,non_striker,over,runs_batter,runs_extras,runs_total,legbyes,byes,no of balls,noballs,wides,player_out,kind,fielders,winner,player_of_match,iswicket_delivery,won_by
59,2013-05-11,male,T20,"Kings XI Punjab, Sunrisers Hyderabad",Kings XI Punjab,Sunrisers Hyderabad,Sunrisers Hyderabad,Kings XI Punjab,"Punjab Cricket Association Stadium, Mohali",Kings XI Punjab,field,"S Das, RJ Tucker",PA Patel,P Kumar,S Dhawan,0,0,0,0,0,0,1,0,0,,,,Sunrisers Hyderabad,PA Patel,0,Runs
59,2013-05-11,male,T20,"Kings XI Punjab, Sunrisers Hyderabad",Kings XI Punjab,Sunrisers Hyderabad,Sunrisers Hyderabad,Kings XI Punjab,"Punjab Cricket Association Stadium, Mohali",Kings XI Punjab,field,"S Das, RJ Tucker",PA Patel,P Kumar,S Dhawan,0,1,0,1,0,0,2,0,0,,,,Sunrisers Hyderabad,PA Patel,0,Runs
59,2013-05-11,male,T20,"Kings XI Punjab, Sunrisers Hyderabad",Kings XI Punjab,Sunrisers Hyderabad,Sunrisers Hyderabad,Kings XI Punjab,"Punjab Cricket Association Stadium, Mohali",Kings XI Punjab,field,"S Das, RJ Tucker",S Dhawan,P Kumar,PA Patel,0,1,0,1,0,0,3,0,0,,,,Sunrisers Hyderabad,PA Patel,0,Runs
59,2013-05-11,male,T20,"Kings XI Punjab, Sunrisers Hyderabad",Kings XI Punjab,Sunrisers Hyderabad,Sunrisers Hyderabad,Kings XI Punjab,"Punjab Cricket Association Stadium, Mohali",Kings XI Punjab,field,"S Das, RJ Tucker",PA Patel,P Kumar,S Dhawan,0,1,0,1,0,0,4,0,0,,,,Sunrisers Hyderabad,PA Patel,0,Runs
59,2013-05-11,male,T20,"Kings XI Punjab, Sunrisers Hyderabad",Kings XI Punjab,Sunrisers Hyderabad,Sunrisers Hyderabad,Kings XI Punjab,"Punjab Cricket Association Stadium, Mohali",Kings XI Punjab,field,"S Das, RJ Tucker",S Dhawan,P Kumar,PA Patel,0,1,0,1,0,0,5,0,0,,,,Sunrisers Hyderabad,PA Patel,0,Runs
59,2013-05-11,male,T20,"Kings XI Punjab, Sunrisers Hyderabad",Kings XI Punjab,Sunrisers Hyderabad,Sunrisers Hyderabad,Kings XI Punjab,"Punjab Cricket Association Stadium, Mohali",Kings XI Punjab,field,"S Das, RJ Tucker",PA Patel,P Kumar,S Dhawan,0,0,0,0,0,0,6,0,0,,,,Sunrisers Hyderabad,PA Patel,0,Runs
59,2013-05-11,male,T20,"Kings XI Punjab, Sunrisers Hyderabad",Kings XI Punjab,Sunrisers Hyderabad,Sunrisers Hyderabad,Kings XI Punjab,"Punjab Cricket Association Stadium, Mohali",Kings XI Punjab,field,"S Das, RJ Tucker",S Dhawan,P Awana,PA Patel,1,0,0,0,0,0,1,0,0,,,,Sunrisers Hyderabad,PA Patel,0,Runs
59,2013-05-11,male,T20,"Kings XI Punjab, Sunrisers Hyderabad",Kings XI Punjab,Sunrisers Hyderabad,Sunrisers Hyderabad,Kings XI Punjab,"Punjab Cricket Association Stadium, Mohali",Kings XI Punjab,field,"S Das, RJ Tucker",S Dhawan,P Awana,PA Patel,1,4,0,4,0,0,2,0,0,,,,Sunrisers Hyderabad,PA Patel,0,Runs
59,2013-05-11,male,T20,"Kings XI Punjab, Sunrisers Hyderabad",Kings XI Punjab,Sunrisers Hyderabad,Sunrisers Hyderabad,Kings XI Punjab,"Punjab Cricket Association Stadium, Mohali",Kings XI Punjab,field,"S Das, RJ Tucker",S Dhawan,P Awana,PA Patel,1,1,0,1,0,0,3,0,0,,,,Sunrisers Hyderabad,PA Patel,0,Runs
59,2013-05-11,male,T20,"Kings XI Punjab, Sunrisers Hyderabad",Kings XI Punjab,Sunrisers Hyderabad,Sunrisers Hyderabad,Kings XI Punjab,"Punjab Cricket Association Stadium, Mohali",Kings XI Punjab,field,"S Das, RJ Tucker",PA Patel,P Awana,S Dhawan,1,6,0,6,0,0,4,0,0,,,,Sunrisers Hyderabad,PA Patel,0,Runs
59,2013-05-11,male,T20,"Kings XI Punjab, Sunrisers Hyderabad",Kings XI Punjab,Sunrisers Hyderabad,Sunrisers Hyderabad,Kings XI Punjab,"Punjab Cricket Association Stadium, Mohali",Kings XI Punjab,field,"S Das, RJ Tucker",PA Patel,P Awana,S Dhawan,1,0,0,0,0,0,5,0,0,,,,Sunrisers Hyderabad,PA Patel,0,Runs
59,2013-05-11,male,T20,"Kings XI Punjab, Sunrisers Hyderabad",Kings XI Punjab,Sunrisers Hyderabad,Sunrisers Hyderabad,Kings XI Punjab,"Punjab Cricket Association Stadium, Mohali",Kings XI Punjab,field,"S Das, RJ Tucker",PA Patel,P Awana,S Dhawan,1,0,0,0,0,0,6,0,0,,,,Sunrisers Hyderabad,PA Patel,0,Runs
59,2013-05-11,male,T20,"Kings XI Punjab, Sunrisers Hyderabad",Kings XI Punjab,Sunrisers Hyderabad,Sunrisers Hyderabad,Kings XI Punjab,"Punjab Cricket Association Stadium, Mohali",Kings XI Punjab,field,"S Das, RJ Tucker",S Dhawan,P Kumar,PA Patel,2,0,0,0,0,0,1,0,0,,,,Sunrisers Hyderabad,PA Patel,0,Runs
59,2013-05-11,male,T20,"Kings XI Punjab, Sunrisers Hyderabad",Kings XI Punjab,Sunrisers Hyderabad,Sunrisers Hyderabad,Kings XI Punjab,"Punjab Cricket Association Stadium, Mohali",Kings XI Punjab,field,"S Das, RJ Tucker",S Dhawan,P Kumar,PA Patel,2,2,0,2,0,0,2,0,0,,,,Sunrisers Hyderabad,PA Patel,0,Runs
59,2013-05-11,male,T20,"Kings XI Punjab, Sunrisers Hyderabad",Kings XI Punjab,Sunrisers Hyderabad,Sunrisers Hyderabad,Kings XI Punjab,"Punjab Cricket Association Stadium, Mohali",Kings XI Punjab,field,"S Das, RJ Tucker",S Dhawan,P Kumar,PA Patel,2,0,1,1,0,0,3,0,1,,,,Sunrisers Hyderabad,PA Patel,0,Runs
59,2013-05-11,male,T20,"Kings XI Punjab, Sunrisers Hyderabad",Kings XI Punjab,Sunrisers Hyderabad,Sunrisers Hyderabad,Kings XI Punjab,"Punjab Cricket Association Stadium, Mohali",Kings XI Punjab,field,"S Das, RJ Tucker",S Dhawan,P Kumar,PA Patel,2,0,0,0,0,0,4,0,0,,,,Sunrisers Hyderabad,PA Patel,0,Runs
59,2013-05-11,male,T20,"Kings XI Punjab, Sunrisers Hyderabad",Kings XI Punjab,Sunrisers Hyderabad,Sunrisers Hyderabad,Kings XI Punjab,"Punjab Cricket Association Stadium, Mohali",Kings XI Punjab,field,"S Das, RJ Tucker",S Dhawan,P Kumar,PA Patel,2,4,0,4,0,0,5,0,0,,,,Sunrisers Hyderabad,PA Patel,0,Runs
59,2013-05-11,male,T20,"Kings XI Punjab, Sunrisers Hyderabad",Kings XI Punjab,Sunrisers Hyderabad,Sunrisers Hyderabad,Kings XI Punjab,"Punjab Cricket Association Stadium, Mohali",Kings XI Punjab,field,"S Das, RJ Tucker",S Dhawan,P Kumar,PA Patel,2,0,0,0,0,0,6,0,0,,,,Sunrisers Hyderabad,PA Patel,0,Runs
59,2013-05-11,male,T20,"Kings XI Punjab, Sunrisers Hyderabad",Kings XI Punjab,Sunrisers Hyderabad,Sunrisers Hyderabad,Kings XI Punjab,"Punjab Cricket Association Stadium, Mohali",Kings XI Punjab,field,"S Das, RJ Tucker",S Dhawan,P Kumar,PA Patel,2,1,0,1,0,0,7,0,0,,,,Sunrisers Hyderabad,PA Patel,0,Runs
59,2013-05-11,male,T20,"Kings XI Punjab, Sunrisers Hyderabad",Kings XI Punjab,Sunrisers Hyderabad,Sunrisers Hyderabad,Kings XI Punjab,"Punjab Cricket Association Stadium, Mohali",Kings XI Punjab,field,"S Das, RJ Tucker",S Dhawan,P Awana,PA Patel,3,0,0,0,0,0,1,0,0,,,,Sunrisers Hyderabad,PA Patel,0,Runs
59,2013-05-11,male,T20,"Kings XI Punjab, Sunrisers Hyderabad",Kings XI Punjab,Sunrisers Hyderabad,Sunrisers Hyderabad,Kings XI Punjab,"Punjab Cricket Association Stadium, Mohali",Kings XI Punjab,field,"S Das, RJ Tucker",S Dhawan,P Awana,PA Patel,3,1,0,1,0,0,2,0,0,,,,Sunrisers Hyderabad,PA Patel,0,Runs
59,2013-05-11,male,T20,"Kings XI Punjab, Sunrisers Hyderabad",Kings XI Punjab,Sunrisers Hyderabad,Sunrisers Hyderabad,Kings XI Punjab,"Punjab Cricket Association Stadium, Mohali",Kings XI Punjab,field,"S Das, RJ Tucker",PA Patel,P Awana,S Dhawan,3,0,0,0,0,0,3,0,0,,,,Sunrisers Hyderabad,PA Patel,0,Runs
59,2013-05-11,male,T20,"Kings XI Punjab, Sunrisers Hyderabad",Kings XI Punjab,Sunrisers Hyderabad,Sunrisers Hyderabad,Kings XI Punjab,"Punjab Cricket Association Stadium, Mohali",Kings XI Punjab,field,"S Das, RJ Tucker",PA Patel,P Awana,S Dhawan,3,0,0,0,0,0,4,0,0,,,,Sunrisers Hyderabad,PA Patel,0,Runs
59,2013-05-11,male,T20,"Kings XI Punjab, Sunrisers Hyderabad",Kings XI Punjab,Sunrisers Hyderabad,Sunrisers Hyderabad,Kings XI Punjab,"Punjab Cricket Association Stadium, Mohali",Kings XI Punjab,field,"S Das, RJ Tucker",PA Patel,P Awana,S Dhawan,3,0,0,0,0,0,5,0,0,,,,Sunrisers Hyderabad,PA Patel,0,Runs
59,2013-05-11,male,T20,"Kings XI Punjab, Sunrisers Hyderabad",Kings XI Punjab,Sunrisers Hyderabad,Sunrisers Hyderabad,Kings XI Punjab,"Punjab Cricket Association Stadium, Mohali",Kings XI Punjab,field,"S Das, RJ Tucker",PA Patel,P Awana,S Dhawan,3,4,0,4,0,0,6,0,0,,,,Sunrisers Hyderabad,PA Patel,0,Runs
59,2013-05-11,male,T20,"Kings XI Punjab, Sunrisers Hyderabad",Kings XI Punjab,Sunrisers Hyderabad,Sunrisers Hyderabad,Kings XI Punjab,"Punjab Cricket Association Stadium, Mohali",Kings XI Punjab,field,"S Das, RJ Tucker",S Dhawan,Harmeet Singh,PA Patel,4,0,0,0,0,0,1,0,0,S Dhawan,caught and bowled,,Sunrisers Hyderabad,PA Patel,1,Runs
59,2013-05-11,male,T20,"Kings XI Punjab, Sunrisers Hyderabad",Kings XI Punjab,Sunrisers Hyderabad,Sunrisers Hyderabad,Kings XI Punjab,"Punjab Cricket Association Stadium, Mohali",Kings XI Punjab,field,"S Das, RJ Tucker",GH Vihari,Harmeet Singh,PA Patel,4,0,0,0,0,0,2,0,0,,,,Sunrisers Hyderabad,PA Patel,0,Runs
59,2013-05-11,male,T20,"Kings XI Punjab, Sunrisers Hyderabad",Kings XI Punjab,Sunrisers Hyderabad,Sunrisers Hyderabad,Kings XI Punjab,"Punjab Cricket Association Stadium, Mohali",Kings XI Punjab,field,"S Das, RJ Tucker",GH Vihari,Harmeet Singh,PA Patel,4,0,0,0,0,0,3,0,0,,,,Sunrisers Hyderabad,PA Patel,0,Runs
59,2013-05-11,male,T20,"Kings XI Punjab, Sunrisers Hyderabad",Kings XI Punjab,Sunrisers Hyderabad,Sunrisers Hyderabad,Kings XI Punjab,"Punjab Cricket Association Stadium, Mohali",Kings XI Punjab,field,"S Das, RJ Tucker",GH Vihari,Harmeet Singh,PA Patel,4,0,0,0,0,0,4,0,0,,,,Sunrisers Hyderabad,PA Patel,0,Runs
59,2013-05-11,male,T20,"Kings XI Punjab, Sunrisers Hyderabad",Kings XI Punjab,Sunrisers Hyderabad,Sunrisers Hyderabad,Kings XI Punjab,"Punjab Cricket Association Stadium, Mohali",Kings XI Punjab,field,"S Das, RJ Tucker",GH Vihari,Harmeet Singh,PA Patel,4,1,0,1,0,0,5,0,0,,,,Sunrisers Hyderabad,PA Patel,0,Runs
59,2013-05-11,male,T20,"Kings XI Punjab, Sunrisers Hyderabad",Kings XI Punjab,Sunrisers Hyderabad,Sunrisers Hyderabad,Kings XI Punjab,"Punjab Cricket Association Stadium, Mohali",Kings XI Punjab,field,"S Das, RJ Tucker",PA Patel,Harmeet Singh,GH Vihari,4,0,0,0,0,0,6,0,0,,,,Sunrisers Hyderabad,PA Patel,0,Runs
59,2013-05-11,male,T20,"Kings XI Punjab, Sunrisers Hyderabad",Kings XI Punjab,Sunrisers Hyderabad,Sunrisers Hyderabad,Kings XI Punjab,"Punjab Cricket Association Stadium, Mohali",Kings XI Punjab,field,"S Das, RJ Tucker",GH Vihari,Sandeep Sharma,PA Patel,5,4,0,4,0,0,1,0,0,,,,Sunrisers Hyderabad,PA Patel,0,Runs
59,2013-05-11,male,T20,"Kings XI Punjab, Sunrisers Hyderabad",Kings XI Punjab,Sunrisers Hyderabad,Sunrisers Hyderabad,Kings XI Punjab,"Punjab Cricket Association Stadium, Mohali",Kings XI Punjab,field,"S Das, RJ Tucker",GH Vihari,Sandeep Sharma,PA Patel,5,0,0,0,0,0,2,0,0,,,,Sunrisers Hyderabad,PA Patel,0,Runs
59,2013-05-11,male,T20,"Kings XI Punjab, Sunrisers Hyderabad",Kings XI Punjab,Sunrisers Hyderabad,Sunrisers Hyderabad,Kings XI Punjab,"Punjab Cricket Association Stadium, Mohali",Kings XI Punjab,field,"S Das, RJ Tucker",GH Vihari,Sandeep Sharma,PA Patel,5,0,0,0,0,0,3,0,0,GH Vihari,caught,DA Miller,Sunrisers Hyderabad,PA Patel,1,Runs
59,2013-05-11,male,T20,"Kings XI Punjab, Sunrisers Hyderabad",Kings XI Punjab,Sunrisers Hyderabad,Sunrisers Hyderabad,Kings XI Punjab,"Punjab Cricket Association Stadium, Mohali",Kings XI Punjab,field,"S Das, RJ Tucker",CL White,Sandeep Sharma,PA Patel,5,4,0,4,0,0,4,0,0,,,,Sunrisers Hyderabad,PA Patel,0,Runs
59,2013-05-11,male,T20,"Kings XI Punjab, Sunrisers Hyderabad",Kings XI Punjab,Sunrisers Hyderabad,Sunrisers Hyderabad,Kings XI Punjab,"Punjab Cricket Association Stadium, Mohali",Kings XI Punjab,field,"S Das, RJ Tucker",CL White,Sandeep Sharma,PA Patel,5,0,0,0,0,0,5,0,0,,,,Sunrisers Hyderabad,PA Patel,0,Runs
59,2013-05-11,male,T20,"Kings XI Punjab, Sunrisers Hyderabad",Kings XI Punjab,Sunrisers Hyderabad,Sunrisers Hyderabad,Kings XI Punjab,"Punjab Cricket Association Stadium, Mohali",Kings XI Punjab,field,"S Das, RJ Tucker",CL White,Sandeep Sharma,PA Patel,5,0,0,0,0,0,6,0,0,,,,Sunrisers Hyderabad,PA Patel,0,Runs
59,2013-05-11,male,T20,"Kings XI Punjab, Sunrisers Hyderabad",Kings XI Punjab,Sunrisers Hyderabad,Sunrisers Hyderabad,Kings XI Punjab,"Punjab Cricket Association Stadium, Mohali",Kings XI Punjab,field,"S Das, RJ Tucker",PA Patel,Harmeet Singh,CL White,6,1,0,1,0,0,1,0,0,,,,Sunrisers Hyderabad,PA Patel,0,Runs
59,2013-05-11,male,T20,"Kings XI Punjab, Sunrisers Hyderabad",Kings XI Punjab,Sunrisers Hyderabad,Sunrisers Hyderabad,Kings XI Punjab,"Punjab Cricket Association Stadium, Mohali",Kings XI Punjab,field,"S Das, RJ Tucker",CL White,Harmeet Singh,PA Patel,6,1,0,1,0,0,2,0,0,,,,Sunrisers Hyderabad,PA Patel,0,Runs
59,2013-05-11,male,T20,"Kings XI Punjab, Sunrisers Hyderabad",Kings XI Punjab,Sunrisers Hyderabad,Sunrisers Hyderabad,Kings XI Punjab,"Punjab Cricket Association Stadium, Mohali",Kings XI Punjab,field,"S Das, RJ Tucker",PA Patel,Harmeet Singh,CL White,6,4,0,4,0,0,3,0,0,,,,Sunrisers Hyderabad,PA Patel,0,Runs
59,2013-05-11,male,T20,"Kings XI Punjab, Sunrisers Hyderabad",Kings XI Punjab,Sunrisers Hyderabad,Sunrisers Hyderabad,Kings XI Punjab,"Punjab Cricket Association Stadium, Mohali",Kings XI Punjab,field,"S Das, RJ Tucker",PA Patel,Harmeet Singh,CL White,6,1,0,1,0,0,4,0,0,,,,Sunrisers Hyderabad,PA Patel,0,Runs
59,2013-05-11,male,T20,"Kings XI Punjab, Sunrisers Hyderabad",Kings XI Punjab,Sunrisers Hyderabad,Sunrisers Hyderabad,Kings XI Punjab,"Punjab Cricket Association Stadium, Mohali",Kings XI Punjab,field,"S Das, RJ Tucker",CL White,Harmeet Singh,PA Patel,6,4,0,4,0,0,5,0,0,,,,Sunrisers Hyderabad,PA Patel,0,Runs
59,2013-05-11,male,T20,"Kings XI Punjab, Sunrisers Hyderabad",Kings XI Punjab,Sunrisers Hyderabad,Sunrisers Hyderabad,Kings XI Punjab,"Punjab Cricket Association Stadium, Mohali",Kings XI Punjab,field,"S Das, RJ Tucker",CL White,Harmeet Singh,PA Patel,6,0,0,0,0,0,6,0,0,,,,Sunrisers Hyderabad,PA Patel,0,Runs
59,2013-05-11,male,T20,"Kings XI Punjab, Sunrisers Hyderabad",Kings XI Punjab,Sunrisers Hyderabad,Sunrisers Hyderabad,Kings XI Punjab,"Punjab Cricket Association Stadium, Mohali",Kings XI Punjab,field,"S Das, RJ Tucker",PA Patel,Sandeep Sharma,CL White,7,0,1,1,1,0,1,0,0,,,,Sunrisers Hyderabad,PA Patel,0,Runs
59,2013-05-11,male,T20,"Kings XI Punjab, Sunrisers Hyderabad",Kings XI Punjab,Sunrisers Hyderabad,Sunrisers Hyderabad,Kings XI Punjab,"Punjab Cricket Association Stadium, Mohali",Kings XI Punjab,field,"S Das, RJ Tucker",CL White,Sandeep Sharma,PA Patel,7,1,0,1,0,0,2,0,0,,,,Sunrisers Hyderabad,PA Patel,0,Runs
59,2013-05-11,male,T20,"Kings XI Punjab, Sunrisers Hyderabad",Kings XI Punjab,Sunrisers Hyderabad,Sunrisers Hyderabad,Kings XI Punjab,"Punjab Cricket Association Stadium, Mohali",Kings XI Punjab,field,"S Das, RJ Tucker",PA Patel,Sandeep Sharma,CL White,7,0,0,0,0,0,3,0,0,,,,Sunrisers Hyderabad,PA Patel,0,Runs
59,2013-05-11,male,T20,"Kings XI Punjab, Sunrisers Hyderabad",Kings XI Punjab,Sunrisers Hyderabad,Sunrisers Hyderabad,Kings XI Punjab,"Punjab Cricket Association Stadium, Mohali",Kings XI Punjab,field,"S Das, RJ Tucker",PA Patel,Sandeep Sharma,CL White,7,1,0,1,0,0,4,0,0,,,,Sunrisers Hyderabad,PA Patel,0,Runs
59,2013-05-11,male,T20,"Kings XI Punjab, Sunrisers Hyderabad",Kings XI Punjab,Sunrisers Hyderabad,Sunrisers Hyderabad,Kings XI Punjab,"Punjab Cricket Association Stadium, Mohali",Kings XI Punjab,field,"S Das, RJ Tucker",CL White,Sandeep Sharma,PA Patel,7,0,0,0,0,0,5,0,0,CL White,lbw,,Sunrisers Hyderabad,PA Patel,1,Runs
59,2013-05-11,male,T20,"Kings XI Punjab, Sunrisers Hyderabad",Kings XI Punjab,Sunrisers Hyderabad,Sunrisers Hyderabad,Kings XI Punjab,"Punjab Cricket Association Stadium, Mohali",Kings XI Punjab,field,"S Das, RJ Tucker",BB Samantray,Sandeep Sharma,PA Patel,7,0,0,0,0,0,6,0,0,BB Samantray,bowled,,Sunrisers Hyderabad,PA Patel,1,Runs
59,2013-05-11,male,T20,"Kings XI Punjab, Sunrisers Hyderabad",Kings XI Punjab,Sunrisers Hyderabad,Sunrisers Hyderabad,Kings XI Punjab,"Punjab Cricket Association Stadium, Mohali",Kings XI Punjab,field,"S Das, RJ Tucker",PA Patel,PP Chawla,DJG Sammy,8,1,0,1,0,0,1,0,0,,,,Sunrisers Hyderabad,PA Patel,0,Runs
59,2013-05-11,male,T20,"Kings XI Punjab, Sunrisers Hyderabad",Kings XI Punjab,Sunrisers Hyderabad,Sunrisers Hyderabad,Kings XI Punjab,"Punjab Cricket Association Stadium, Mohali",Kings XI Punjab,field,"S Das, RJ Tucker",DJG Sammy,PP Chawla,PA Patel,8,0,0,0,0,0,2,0,0,,,,Sunrisers Hyderabad,PA Patel,0,Runs
59,2013-05-11,male,T20,"Kings XI Punjab, Sunrisers Hyderabad",Kings XI Punjab,Sunrisers Hyderabad,Sunrisers Hyderabad,Kings XI Punjab,"Punjab Cricket Association Stadium, Mohali",Kings XI Punjab,field,"S Das, RJ Tucker",DJG Sammy,PP Chawla,PA Patel,8,0,0,0,0,0,3,0,0,,,,Sunrisers Hyderabad,PA Patel,0,Runs
59,2013-05-11,male,T20,"Kings XI Punjab, Sunrisers Hyderabad",Kings XI Punjab,Sunrisers Hyderabad,Sunrisers Hyderabad,Kings XI Punjab,"Punjab Cricket Association Stadium, Mohali",Kings XI Punjab,field,"S Das, RJ Tucker",DJG Sammy,PP Chawla,PA Patel,8,0,0,0,0,0,4,0,0,DJG Sammy,lbw,,Sunrisers Hyderabad,PA Patel,1,Runs
59,2013-05-11,male,T20,"Kings XI Punjab, Sunrisers Hyderabad",Kings XI Punjab,Sunrisers Hyderabad,Sunrisers Hyderabad,Kings XI Punjab,"Punjab Cricket Association Stadium, Mohali",Kings XI Punjab,field,"S Das, RJ Tucker",KV Sharma,PP Chawla,PA Patel,8,0,0,0,0,0,5,0,0,,,,Sunrisers Hyderabad,PA Patel,0,Runs
59,2013-05-11,male,T20,"Kings XI Punjab, Sunrisers Hyderabad",Kings XI Punjab,Sunrisers Hyderabad,Sunrisers Hyderabad,Kings XI Punjab,"Punjab Cricket Association Stadium, Mohali",Kings XI Punjab,field,"S Das, RJ Tucker",KV Sharma,PP Chawla,PA Patel,8,0,0,0,0,0,6,0,0,,,,Sunrisers Hyderabad,PA Patel,0,Runs
59,2013-05-11,male,T20,"Kings XI Punjab, Sunrisers Hyderabad",Kings XI Punjab,Sunrisers Hyderabad,Sunrisers Hyderabad,Kings XI Punjab,"Punjab Cricket Association Stadium, Mohali",Kings XI Punjab,field,"S Das, RJ Tucker",PA Patel,Sandeep Sharma,KV Sharma,9,1,0,1,0,0,1,0,0,,,,Sunrisers Hyderabad,PA Patel,0,Runs
59,2013-05-11,male,T20,"Kings XI Punjab, Sunrisers Hyderabad",Kings XI Punjab,Sunrisers Hyderabad,Sunrisers Hyderabad,Kings XI Punjab,"Punjab Cricket Association Stadium, Mohali",Kings XI Punjab,field,"S Das, RJ Tucker",KV Sharma,Sandeep Sharma,PA Patel,9,0,0,0,0,0,2,0,0,,,,Sunrisers Hyderabad,PA Patel,0,Runs
59,2013-05-11,male,T20,"Kings XI Punjab, Sunrisers Hyderabad",Kings XI Punjab,Sunrisers Hyderabad,Sunrisers Hyderabad,Kings XI Punjab,"Punjab Cricket Association Stadium, Mohali",Kings XI Punjab,field,"S Das, RJ Tucker",KV Sharma,Sandeep Sharma,PA Patel,9,0,0,0,0,0,3,0,0,,,,Sunrisers Hyderabad,PA Patel,0,Runs
59,2013-05-11,male,T20,"Kings XI Punjab, Sunrisers Hyderabad",Kings XI Punjab,Sunrisers Hyderabad,Sunrisers Hyderabad,Kings XI Punjab,"Punjab Cricket Association Stadium, Mohali",Kings XI Punjab,field,"S Das, RJ Tucker",KV Sharma,Sandeep Sharma,PA Patel,9,1,0,1,0,0,4,0,0,,,,Sunrisers Hyderabad,PA Patel,0,Runs
59,2013-05-11,male,T20,"Kings XI Punjab, Sunrisers Hyderabad",Kings XI Punjab,Sunrisers Hyderabad,Sunrisers Hyderabad,Kings XI Punjab,"Punjab Cricket Association Stadium, Mohali",Kings XI Punjab,field,"S Das, RJ Tucker",PA Patel,Sandeep Sharma,KV Sharma,9,0,0,0,0,0,5,0,0,,,,Sunrisers Hyderabad,PA Patel,0,Runs
59,2013-05-11,male,T20,"Kings XI Punjab, Sunrisers Hyderabad",Kings XI Punjab,Sunrisers Hyderabad,Sunrisers Hyderabad,Kings XI Punjab,"Punjab Cricket Association Stadium, Mohali",Kings XI Punjab,field,"S Das, RJ Tucker",PA Patel,Sandeep Sharma,KV Sharma,9,2,0,2,0,0,6,0,0,,,,Sunrisers Hyderabad,PA Patel,0,Runs
59,2013-05-11,male,T20,"Kings XI Punjab, Sunrisers Hyderabad",Kings XI Punjab,Sunrisers Hyderabad,Sunrisers Hyderabad,Kings XI Punjab,"Punjab Cricket Association Stadium, Mohali",Kings XI Punjab,field,"S Das, RJ Tucker",KV Sharma,PP Chawla,PA Patel,10,3,0,3,0,0,1,0,0,,,,Sunrisers Hyderabad,PA Patel,0,Runs
59,2013-05-11,male,T20,"Kings XI Punjab, Sunrisers Hyderabad",Kings XI Punjab,Sunrisers Hyderabad,Sunrisers Hyderabad,Kings XI Punjab,"Punjab Cricket Association Stadium, Mohali",Kings XI Punjab,field,"S Das, RJ Tucker",PA Patel,PP Chawla,KV Sharma,10,0,0,0,0,0,2,0,0,,,,Sunrisers Hyderabad,PA Patel,0,Runs
59,2013-05-11,male,T20,"Kings XI Punjab, Sunrisers Hyderabad",Kings XI Punjab,Sunrisers Hyderabad,Sunrisers Hyderabad,Kings XI Punjab,"Punjab Cricket Association Stadium, Mohali",Kings XI Punjab,field,"S Das, RJ Tucker",PA Patel,PP Chawla,KV Sharma,10,1,0,1,0,0,3,0,0,,,,Sunrisers Hyderabad,PA Patel,0,Runs
59,2013-05-11,male,T20,"Kings XI Punjab, Sunrisers Hyderabad",Kings XI Punjab,Sunrisers Hyderabad,Sunrisers Hyderabad,Kings XI Punjab,"Punjab Cricket Association Stadium, Mohali",Kings XI Punjab,field,"S Das, RJ Tucker",KV Sharma,PP Chawla,PA Patel,10,1,0,1,0,0,4,0,0,,,,Sunrisers Hyderabad,PA Patel,0,Runs
59,2013-05-11,male,T20,"Kings XI Punjab, Sunrisers Hyderabad",Kings XI Punjab,Sunrisers Hyderabad,Sunrisers Hyderabad,Kings XI Punjab,"Punjab Cricket Association Stadium, Mohali",Kings XI Punjab,field,"S Das, RJ Tucker",PA Patel,PP Chawla,KV Sharma,10,2,0,2,0,0,5,0,0,,,,Sunrisers Hyderabad,PA Patel,0,Runs
59,2013-05-11,male,T20,"Kings XI Punjab, Sunrisers Hyderabad",Kings XI Punjab,Sunrisers Hyderabad,Sunrisers Hyderabad,Kings XI Punjab,"Punjab Cricket Association Stadium, Mohali",Kings XI Punjab,field,"S Das, RJ Tucker",PA Patel,PP Chawla,KV Sharma,10,1,0,1,0,0,6,0,0,,,,Sunrisers Hyderabad,PA Patel,0,Runs
59,2013-05-11,male,T20,"Kings XI Punjab, Sunrisers Hyderabad",Kings XI Punjab,Sunrisers Hyderabad,Sunrisers Hyderabad,Kings XI Punjab,"Punjab Cricket Association Stadium, Mohali",Kings XI Punjab,field,"S Das, RJ Tucker",PA Patel,Sandeep Sharma,KV Sharma,11,1,0,1,0,0,1,0,0,,,,Sunrisers Hyderabad,PA Patel,0,Runs
59,2013-05-11,male,T20,"Kings XI Punjab, Sunrisers Hyderabad",Kings XI Punjab,Sunrisers Hyderabad,Sunrisers Hyderabad,Kings XI Punjab,"Punjab Cricket Association Stadium, Mohali",Kings XI Punjab,field,"S Das, RJ Tucker",KV Sharma,Sandeep Sharma,PA Patel,11,1,0,1,0,0,2,0,0,,,,Sunrisers Hyderabad,PA Patel,0,Runs
59,2013-05-11,male,T20,"Kings XI Punjab, Sunrisers Hyderabad",Kings XI Punjab,Sunrisers Hyderabad,Sunrisers Hyderabad,Kings XI Punjab,"Punjab Cricket Association Stadium, Mohali",Kings XI Punjab,field,"S Das, RJ Tucker",PA Patel,Sandeep Sharma,KV Sharma,11,4,0,4,0,0,3,0,0,,,,Sunrisers Hyderabad,PA Patel,0,Runs
59,2013-05-11,male,T20,"Kings XI Punjab, Sunrisers Hyderabad",Kings XI Punjab,Sunrisers Hyderabad,Sunrisers Hyderabad,Kings XI Punjab,"Punjab Cricket Association Stadium, Mohali",Kings XI Punjab,field,"S Das, RJ Tucker",PA Patel,Sandeep Sharma,KV Sharma,11,0,0,0,0,0,4,0,0,,,,Sunrisers Hyderabad,PA Patel,0,Runs
59,2013-05-11,male,T20,"Kings XI Punjab, Sunrisers Hyderabad",Kings XI Punjab,Sunrisers Hyderabad,Sunrisers Hyderabad,Kings XI Punjab,"Punjab Cricket Association Stadium, Mohali",Kings XI Punjab,field,"S Das, RJ Tucker",PA Patel,Sandeep Sharma,KV Sharma,11,0,0,0,0,0,5,0,0,,,,Sunrisers Hyderabad,PA Patel,0,Runs
59,2013-05-11,male,T20,"Kings XI Punjab, Sunrisers Hyderabad",Kings XI Punjab,Sunrisers Hyderabad,Sunrisers Hyderabad,Kings XI Punjab,"Punjab Cricket Association Stadium, Mohali",Kings XI Punjab,field,"S Das, RJ Tucker",PA Patel,Sandeep Sharma,KV Sharma,11,1,0,1,0,0,6,0,0,,,,Sunrisers Hyderabad,PA Patel,0,Runs
59,2013-05-11,male,T20,"Kings XI Punjab, Sunrisers Hyderabad",Kings XI Punjab,Sunrisers Hyderabad,Sunrisers Hyderabad,Kings XI Punjab,"Punjab Cricket Association Stadium, Mohali",Kings XI Punjab,field,"S Das, RJ Tucker",PA Patel,PP Chawla,KV Sharma,12,2,0,2,0,0,1,0,0,,,,Sunrisers Hyderabad,PA Patel,0,Runs
59,2013-05-11,male,T20,"Kings XI Punjab, Sunrisers Hyderabad",Kings XI Punjab,Sunrisers Hyderabad,Sunrisers Hyderabad,Kings XI Punjab,"Punjab Cricket Association Stadium, Mohali",Kings XI Punjab,field,"S Das, RJ Tucker",PA Patel,PP Chawla,KV Sharma,12,1,0,1,0,0,2,0,0,,,,Sunrisers Hyderabad,PA Patel,0,Runs
59,2013-05-11,male,T20,"Kings XI Punjab, Sunrisers Hyderabad",Kings XI Punjab,Sunrisers Hyderabad,Sunrisers Hyderabad,Kings XI Punjab,"Punjab Cricket Association Stadium, Mohali",Kings XI Punjab,field,"S Das, RJ Tucker",KV Sharma,PP Chawla,PA Patel,12,1,0,1,0,0,3,0,0,,,,Sunrisers Hyderabad,PA Patel,0,Runs
59,2013-05-11,male,T20,"Kings XI Punjab, Sunrisers Hyderabad",Kings XI Punjab,Sunrisers Hyderabad,Sunrisers Hyderabad,Kings XI Punjab,"Punjab Cricket Association Stadium, Mohali",Kings XI Punjab,field,"S Das, RJ Tucker",PA Patel,PP Chawla,KV Sharma,12,0,0,0,0,0,4,0,0,,,,Sunrisers Hyderabad,PA Patel,0,Runs
59,2013-05-11,male,T20,"Kings XI Punjab, Sunrisers Hyderabad",Kings XI Punjab,Sunrisers Hyderabad,Sunrisers Hyderabad,Kings XI Punjab,"Punjab Cricket Association Stadium, Mohali",Kings XI Punjab,field,"S Das, RJ Tucker",PA Patel,PP Chawla,KV Sharma,12,1,0,1,0,0,5,0,0,,,,Sunrisers Hyderabad,PA Patel,0,Runs
59,2013-05-11,male,T20,"Kings XI Punjab, Sunrisers Hyderabad",Kings XI Punjab,Sunrisers Hyderabad,Sunrisers Hyderabad,Kings XI Punjab,"Punjab Cricket Association Stadium, Mohali",Kings XI Punjab,field,"S Das, RJ Tucker",KV Sharma,PP Chawla,PA Patel,12,0,0,0,0,0,6,0,0,,,,Sunrisers Hyderabad,PA Patel,0,Runs
59,2013-05-11,male,T20,"Kings XI Punjab, Sunrisers Hyderabad",Kings XI Punjab,Sunrisers Hyderabad,Sunrisers Hyderabad,Kings XI Punjab,"Punjab Cricket Association Stadium, Mohali",Kings XI Punjab,field,"S Das, RJ Tucker",PA Patel,Harmeet Singh,KV Sharma,13,1,0,1,0,0,1,0,0,,,,Sunrisers Hyderabad,PA Patel,0,Runs
59,2013-05-11,male,T20,"Kings XI Punjab, Sunrisers Hyderabad",Kings XI Punjab,Sunrisers Hyderabad,Sunrisers Hyderabad,Kings XI Punjab,"Punjab Cricket Association Stadium, Mohali",Kings XI Punjab,field,"S Das, RJ Tucker",KV Sharma,Harmeet Singh,PA Patel,13,0,0,0,0,0,2,0,0,,,,Sunrisers Hyderabad,PA Patel,0,Runs
59,2013-05-11,male,T20,"Kings XI Punjab, Sunrisers Hyderabad",Kings XI Punjab,Sunrisers Hyderabad,Sunrisers Hyderabad,Kings XI Punjab,"Punjab Cricket Association Stadium, Mohali",Kings XI Punjab,field,"S Das, RJ Tucker",KV Sharma,Harmeet Singh,PA Patel,13,1,0,1,0,0,3,0,0,,,,Sunrisers Hyderabad,PA Patel,0,Runs
59,2013-05-11,male,T20,"Kings XI Punjab, Sunrisers Hyderabad",Kings XI Punjab,Sunrisers Hyderabad,Sunrisers Hyderabad,Kings XI Punjab,"Punjab Cricket Association Stadium, Mohali",Kings XI Punjab,field,"S Das, RJ Tucker",PA Patel,Harmeet Singh,KV Sharma,13,1,0,1,0,0,4,0,0,,,,Sunrisers Hyderabad,PA Patel,0,Runs
59,2013-05-11,male,T20,"Kings XI Punjab, Sunrisers Hyderabad",Kings XI Punjab,Sunrisers Hyderabad,Sunrisers Hyderabad,Kings XI Punjab,"Punjab Cricket Association Stadium, Mohali",Kings XI Punjab,field,"S Das, RJ Tucker",KV Sharma,Harmeet Singh,PA Patel,13,6,0,6,0,0,5,0,0,,,,Sunrisers Hyderabad,PA Patel,0,Runs
59,2013-05-11,male,T20,"Kings XI Punjab, Sunrisers Hyderabad",Kings XI Punjab,Sunrisers Hyderabad,Sunrisers Hyderabad,Kings XI Punjab,"Punjab Cricket Association Stadium, Mohali",Kings XI Punjab,field,"S Das, RJ Tucker",KV Sharma,Harmeet Singh,PA Patel,13,4,0,4,0,0,6,0,0,,,,Sunrisers Hyderabad,PA Patel,0,Runs
59,2013-05-11,male,T20,"Kings XI Punjab, Sunrisers Hyderabad",Kings XI Punjab,Sunrisers Hyderabad,Sunrisers Hyderabad,Kings XI Punjab,"Punjab Cricket Association Stadium, Mohali",Kings XI Punjab,field,"S Das, RJ Tucker",PA Patel,P Awana,KV Sharma,14,1,0,1,0,0,1,0,0,,,,Sunrisers Hyderabad,PA Patel,0,Runs
59,2013-05-11,male,T20,"Kings XI Punjab, Sunrisers Hyderabad",Kings XI Punjab,Sunrisers Hyderabad,Sunrisers Hyderabad,Kings XI Punjab,"Punjab Cricket Association Stadium, Mohali",Kings XI Punjab,field,"S Das, RJ Tucker",KV Sharma,P Awana,PA Patel,14,4,0,4,0,0,2,0,0,,,,Sunrisers Hyderabad,PA Patel,0,Runs
59,2013-05-11,male,T20,"Kings XI Punjab, Sunrisers Hyderabad",Kings XI Punjab,Sunrisers Hyderabad,Sunrisers Hyderabad,Kings XI Punjab,"Punjab Cricket Association Stadium, Mohali",Kings XI Punjab,field,"S Das, RJ Tucker",KV Sharma,P Awana,PA Patel,14,0,0,0,0,0,3,0,0,,,,Sunrisers Hyderabad,PA Patel,0,Runs
59,2013-05-11,male,T20,"Kings XI Punjab, Sunrisers Hyderabad",Kings XI Punjab,Sunrisers Hyderabad,Sunrisers Hyderabad,Kings XI Punjab,"Punjab Cricket Association Stadium, Mohali",Kings XI Punjab,field,"S Das, RJ Tucker",KV Sharma,P Awana,PA Patel,14,0,0,0,0,0,4,0,0,,,,Sunrisers Hyderabad,PA Patel,0,Runs
59,2013-05-11,male,T20,"Kings XI Punjab, Sunrisers Hyderabad",Kings XI Punjab,Sunrisers Hyderabad,Sunrisers Hyderabad,Kings XI Punjab,"Punjab Cricket Association Stadium, Mohali",Kings XI Punjab,field,"S Das, RJ Tucker",KV Sharma,P Awana,PA Patel,14,0,0,0,0,0,5,0,0,KV Sharma,caught,AC Gilchrist,Sunrisers Hyderabad,PA Patel,1,Runs
59,2013-05-11,male,T20,"Kings XI Punjab, Sunrisers Hyderabad",Kings XI Punjab,Sunrisers Hyderabad,Sunrisers Hyderabad,Kings XI Punjab,"Punjab Cricket Association Stadium, Mohali",Kings XI Punjab,field,"S Das, RJ Tucker",PA Patel,P Awana,NLTC Perera,14,4,0,4,0,0,6,0,0,,,,Sunrisers Hyderabad,PA Patel,0,Runs
59,2013-05-11,male,T20,"Kings XI Punjab, Sunrisers Hyderabad",Kings XI Punjab,Sunrisers Hyderabad,Sunrisers Hyderabad,Kings XI Punjab,"Punjab Cricket Association Stadium, Mohali",Kings XI Punjab,field,"S Das, RJ Tucker",NLTC Perera,PP Chawla,PA Patel,15,0,0,0,0,0,1,0,0,,,,Sunrisers Hyderabad,PA Patel,0,Runs
59,2013-05-11,male,T20,"Kings XI Punjab, Sunrisers Hyderabad",Kings XI Punjab,Sunrisers Hyderabad,Sunrisers Hyderabad,Kings XI Punjab,"Punjab Cricket Association Stadium, Mohali",Kings XI Punjab,field,"S Das, RJ Tucker",NLTC Perera,PP Chawla,PA Patel,15,0,0,0,0,0,2,0,0,,,,Sunrisers Hyderabad,PA Patel,0,Runs
59,2013-05-11,male,T20,"Kings XI Punjab, Sunrisers Hyderabad",Kings XI Punjab,Sunrisers Hyderabad,Sunrisers Hyderabad,Kings XI Punjab,"Punjab Cricket Association Stadium, Mohali",Kings XI Punjab,field,"S Das, RJ Tucker",NLTC Perera,PP Chawla,PA Patel,15,1,0,1,0,0,3,0,0,,,,Sunrisers Hyderabad,PA Patel,0,Runs
59,2013-05-11,male,T20,"Kings XI Punjab, Sunrisers Hyderabad",Kings XI Punjab,Sunrisers Hyderabad,Sunrisers Hyderabad,Kings XI Punjab,"Punjab Cricket Association Stadium, Mohali",Kings XI Punjab,field,"S Das, RJ Tucker",PA Patel,PP Chawla,NLTC Perera,15,2,0,2,0,0,4,0,0,,,,Sunrisers Hyderabad,PA Patel,0,Runs
59,2013-05-11,male,T20,"Kings XI Punjab, Sunrisers Hyderabad",Kings XI Punjab,Sunrisers Hyderabad,Sunrisers Hyderabad,Kings XI Punjab,"Punjab Cricket Association Stadium, Mohali",Kings XI Punjab,field,"S Das, RJ Tucker",PA Patel,PP Chawla,NLTC Perera,15,1,0,1,0,0,5,0,0,,,,Sunrisers Hyderabad,PA Patel,0,Runs
59,2013-05-11,male,T20,"Kings XI Punjab, Sunrisers Hyderabad",Kings XI Punjab,Sunrisers Hyderabad,Sunrisers Hyderabad,Kings XI Punjab,"Punjab Cricket Association Stadium, Mohali",Kings XI Punjab,field,"S Das, RJ Tucker",NLTC Perera,PP Chawla,PA Patel,15,2,0,2,0,0,6,0,0,,,,Sunrisers Hyderabad,PA Patel,0,Runs
59,2013-05-11,male,T20,"Kings XI Punjab, Sunrisers Hyderabad",Kings XI Punjab,Sunrisers Hyderabad,Sunrisers Hyderabad,Kings XI Punjab,"Punjab Cricket Association Stadium, Mohali",Kings XI Punjab,field,"S Das, RJ Tucker",PA Patel,P Awana,NLTC Perera,16,1,0,1,0,0,1,0,0,,,,Sunrisers Hyderabad,PA Patel,0,Runs
59,2013-05-11,male,T20,"Kings XI Punjab, Sunrisers Hyderabad",Kings XI Punjab,Sunrisers Hyderabad,Sunrisers Hyderabad,Kings XI Punjab,"Punjab Cricket Association Stadium, Mohali",Kings XI Punjab,field,"S Das, RJ Tucker",NLTC Perera,P Awana,PA Patel,16,1,0,1,0,0,2,0,0,,,,Sunrisers Hyderabad,PA Patel,0,Runs
59,2013-05-11,male,T20,"Kings XI Punjab, Sunrisers Hyderabad",Kings XI Punjab,Sunrisers Hyderabad,Sunrisers Hyderabad,Kings XI Punjab,"Punjab Cricket Association Stadium, Mohali",Kings XI Punjab,field,"S Das, RJ Tucker",PA Patel,P Awana,NLTC Perera,16,1,0,1,0,0,3,0,0,,,,Sunrisers Hyderabad,PA Patel,0,Runs
59,2013-05-11,male,T20,"Kings XI Punjab, Sunrisers Hyderabad",Kings XI Punjab,Sunrisers Hyderabad,Sunrisers Hyderabad,Kings XI Punjab,"Punjab Cricket Association Stadium, Mohali",Kings XI Punjab,field,"S Das, RJ Tucker",NLTC Perera,P Awana,PA Patel,16,0,0,0,0,0,4,0,0,,,,Sunrisers Hyderabad,PA Patel,0,Runs
59,2013-05-11,male,T20,"Kings XI Punjab, Sunrisers Hyderabad",Kings XI Punjab,Sunrisers Hyderabad,Sunrisers Hyderabad,Kings XI Punjab,"Punjab Cricket Association Stadium, Mohali",Kings XI Punjab,field,"S Das, RJ Tucker",NLTC Perera,P Awana,PA Patel,16,6,0,6,0,0,5,0,0,,,,Sunrisers Hyderabad,PA Patel,0,Runs
59,2013-05-11,male,T20,"Kings XI Punjab, Sunrisers Hyderabad",Kings XI Punjab,Sunrisers Hyderabad,Sunrisers Hyderabad,Kings XI Punjab,"Punjab Cricket Association Stadium, Mohali",Kings XI Punjab,field,"S Das, RJ Tucker",NLTC Perera,P Awana,PA Patel,16,1,0,1,0,0,6,0,0,,,,Sunrisers Hyderabad,PA Patel,0,Runs
59,2013-05-11,male,T20,"Kings XI Punjab, Sunrisers Hyderabad",Kings XI Punjab,Sunrisers Hyderabad,Sunrisers Hyderabad,Kings XI Punjab,"Punjab Cricket Association Stadium, Mohali",Kings XI Punjab,field,"S Das, RJ Tucker",NLTC Perera,P Kumar,PA Patel,17,6,0,6,0,0,1,0,0,,,,Sunrisers Hyderabad,PA Patel,0,Runs
59,2013-05-11,male,T20,"Kings XI Punjab, Sunrisers Hyderabad",Kings XI Punjab,Sunrisers Hyderabad,Sunrisers Hyderabad,Kings XI Punjab,"Punjab Cricket Association Stadium, Mohali",Kings XI Punjab,field,"S Das, RJ Tucker",NLTC Perera,P Kumar,PA Patel,17,0,0,0,0,0,2,0,0,,,,Sunrisers Hyderabad,PA Patel,0,Runs
59,2013-05-11,male,T20,"Kings XI Punjab, Sunrisers Hyderabad",Kings XI Punjab,Sunrisers Hyderabad,Sunrisers Hyderabad,Kings XI Punjab,"Punjab Cricket Association Stadium, Mohali",Kings XI Punjab,field,"S Das, RJ Tucker",NLTC Perera,P Kumar,PA Patel,17,4,0,4,0,0,3,0,0,,,,Sunrisers Hyderabad,PA Patel,0,Runs
59,2013-05-11,male,T20,"Kings XI Punjab, Sunrisers Hyderabad",Kings XI Punjab,Sunrisers Hyderabad,Sunrisers Hyderabad,Kings XI Punjab,"Punjab Cricket Association Stadium, Mohali",Kings XI Punjab,field,"S Das, RJ Tucker",NLTC Perera,P Kumar,PA Patel,17,1,0,1,0,0,4,0,0,,,,Sunrisers Hyderabad,PA Patel,0,Runs
59,2013-05-11,male,T20,"Kings XI Punjab, Sunrisers Hyderabad",Kings XI Punjab,Sunrisers Hyderabad,Sunrisers Hyderabad,Kings XI Punjab,"Punjab Cricket Association Stadium, Mohali",Kings XI Punjab,field,"S Das, RJ Tucker",PA Patel,P Kumar,NLTC Perera,17,1,0,1,0,0,5,0,0,,,,Sunrisers Hyderabad,PA Patel,0,Runs
59,2013-05-11,male,T20,"Kings XI Punjab, Sunrisers Hyderabad",Kings XI Punjab,Sunrisers Hyderabad,Sunrisers Hyderabad,Kings XI Punjab,"Punjab Cricket Association Stadium, Mohali",Kings XI Punjab,field,"S Das, RJ Tucker",NLTC Perera,P Kumar,PA Patel,17,2,0,2,0,0,6,0,0,,,,Sunrisers Hyderabad,PA Patel,0,Runs
59,2013-05-11,male,T20,"Kings XI Punjab, Sunrisers Hyderabad",Kings XI Punjab,Sunrisers Hyderabad,Sunrisers Hyderabad,Kings XI Punjab,"Punjab Cricket Association Stadium, Mohali",Kings XI Punjab,field,"S Das, RJ Tucker",PA Patel,Harmeet Singh,NLTC Perera,18,6,0,6,0,0,1,0,0,,,,Sunrisers Hyderabad,PA Patel,0,Runs
59,2013-05-11,male,T20,"Kings XI Punjab, Sunrisers Hyderabad",Kings XI Punjab,Sunrisers Hyderabad,Sunrisers Hyderabad,Kings XI Punjab,"Punjab Cricket Association Stadium, Mohali",Kings XI Punjab,field,"S Das, RJ Tucker",PA Patel,Harmeet Singh,NLTC Perera,18,4,0,4,0,0,2,0,0,,,,Sunrisers Hyderabad,PA Patel,0,Runs
59,2013-05-11,male,T20,"Kings XI Punjab, Sunrisers Hyderabad",Kings XI Punjab,Sunrisers Hyderabad,Sunrisers Hyderabad,Kings XI Punjab,"Punjab Cricket Association Stadium, Mohali",Kings XI Punjab,field,"S Das, RJ Tucker",PA Patel,Harmeet Singh,NLTC Perera,18,1,0,1,0,0,3,0,0,,,,Sunrisers Hyderabad,PA Patel,0,Runs
59,2013-05-11,male,T20,"Kings XI Punjab, Sunrisers Hyderabad",Kings XI Punjab,Sunrisers Hyderabad,Sunrisers Hyderabad,Kings XI Punjab,"Punjab Cricket Association Stadium, Mohali",Kings XI Punjab,field,"S Das, RJ Tucker",NLTC Perera,Harmeet Singh,PA Patel,18,2,0,2,0,0,4,0,0,,,,Sunrisers Hyderabad,PA Patel,0,Runs
59,2013-05-11,male,T20,"Kings XI Punjab, Sunrisers Hyderabad",Kings XI Punjab,Sunrisers Hyderabad,Sunrisers Hyderabad,Kings XI Punjab,"Punjab Cricket Association Stadium, Mohali",Kings XI Punjab,field,"S Das, RJ Tucker",NLTC Perera,Harmeet Singh,PA Patel,18,0,0,0,0,0,5,0,0,,,,Sunrisers Hyderabad,PA Patel,0,Runs
59,2013-05-11,male,T20,"Kings XI Punjab, Sunrisers Hyderabad",Kings XI Punjab,Sunrisers Hyderabad,Sunrisers Hyderabad,Kings XI Punjab,"Punjab Cricket Association Stadium, Mohali",Kings XI Punjab,field,"S Das, RJ Tucker",NLTC Perera,Harmeet Singh,PA Patel,18,1,0,1,0,0,6,0,0,PA Patel,run out,"R Sathish, Harmeet Singh",Sunrisers Hyderabad,PA Patel,1,Runs
59,2013-05-11,male,T20,"Kings XI Punjab, Sunrisers Hyderabad",Kings XI Punjab,Sunrisers Hyderabad,Sunrisers Hyderabad,Kings XI Punjab,"Punjab Cricket Association Stadium, Mohali",Kings XI Punjab,field,"S Das, RJ Tucker",DW Steyn,P Kumar,NLTC Perera,19,0,0,0,0,0,1,0,0,,,,Sunrisers Hyderabad,PA Patel,0,Runs
59,2013-05-11,male,T20,"Kings XI Punjab, Sunrisers Hyderabad",Kings XI Punjab,Sunrisers Hyderabad,Sunrisers Hyderabad,Kings XI Punjab,"Punjab Cricket Association Stadium, Mohali",Kings XI Punjab,field,"S Das, RJ Tucker",DW Steyn,P Kumar,NLTC Perera,19,1,0,1,0,0,2,0,0,,,,Sunrisers Hyderabad,PA Patel,0,Runs
59,2013-05-11,male,T20,"Kings XI Punjab, Sunrisers Hyderabad",Kings XI Punjab,Sunrisers Hyderabad,Sunrisers Hyderabad,Kings XI Punjab,"Punjab Cricket Association Stadium, Mohali",Kings XI Punjab,field,"S Das, RJ Tucker",NLTC Perera,P Kumar,DW Steyn,19,4,0,4,0,0,3,0,0,,,,Sunrisers Hyderabad,PA Patel,0,Runs
59,2013-05-11,male,T20,"Kings XI Punjab, Sunrisers Hyderabad",Kings XI Punjab,Sunrisers Hyderabad,Sunrisers Hyderabad,Kings XI Punjab,"Punjab Cricket Association Stadium, Mohali",Kings XI Punjab,field,"S Das, RJ Tucker",NLTC Perera,P Kumar,DW Steyn,19,1,0,1,0,0,4,0,0,,,,Sunrisers Hyderabad,PA Patel,0,Runs
59,2013-05-11,male,T20,"Kings XI Punjab, Sunrisers Hyderabad",Kings XI Punjab,Sunrisers Hyderabad,Sunrisers Hyderabad,Kings XI Punjab,"Punjab Cricket Association Stadium, Mohali",Kings XI Punjab,field,"S Das, RJ Tucker",DW Steyn,P Kumar,NLTC Perera,19,0,1,1,0,1,5,0,0,,,,Sunrisers Hyderabad,PA Patel,0,Runs
59,2013-05-11,male,T20,"Kings XI Punjab, Sunrisers Hyderabad",Kings XI Punjab,Sunrisers Hyderabad,Sunrisers Hyderabad,Kings XI Punjab,"Punjab Cricket Association Stadium, Mohali",Kings XI Punjab,field,"S Das, RJ Tucker",NLTC Perera,P Kumar,DW Steyn,19,0,1,1,0,1,6,0,0,,,,Sunrisers Hyderabad,PA Patel,0,Runs
59,2013-05-11,male,T20,"Kings XI Punjab, Sunrisers Hyderabad",Kings XI Punjab,Sunrisers Hyderabad,Kings XI Punjab,Sunrisers Hyderabad,"Punjab Cricket Association Stadium, Mohali",Kings XI Punjab,field,"S Das, RJ Tucker",AC Gilchrist,DW Steyn,Mandeep Singh,0,0,0,0,0,0,1,0,0,,,,Sunrisers Hyderabad,PA Patel,0,Runs
59,2013-05-11,male,T20,"Kings XI Punjab, Sunrisers Hyderabad",Kings XI Punjab,Sunrisers Hyderabad,Kings XI Punjab,Sunrisers Hyderabad,"Punjab Cricket Association Stadium, Mohali",Kings XI Punjab,field,"S Das, RJ Tucker",AC Gilchrist,DW Steyn,Mandeep Singh,0,0,0,0,0,0,2,0,0,,,,Sunrisers Hyderabad,PA Patel,0,Runs
59,2013-05-11,male,T20,"Kings XI Punjab, Sunrisers Hyderabad",Kings XI Punjab,Sunrisers Hyderabad,Kings XI Punjab,Sunrisers Hyderabad,"Punjab Cricket Association Stadium, Mohali",Kings XI Punjab,field,"S Das, RJ Tucker",AC Gilchrist,DW Steyn,Mandeep Singh,0,1,0,1,0,0,3,0,0,,,,Sunrisers Hyderabad,PA Patel,0,Runs
59,2013-05-11,male,T20,"Kings XI Punjab, Sunrisers Hyderabad",Kings XI Punjab,Sunrisers Hyderabad,Kings XI Punjab,Sunrisers Hyderabad,"Punjab Cricket Association Stadium, Mohali",Kings XI Punjab,field,"S Das, RJ Tucker",Mandeep Singh,DW Steyn,AC Gilchrist,0,0,0,0,0,0,4,0,0,,,,Sunrisers Hyderabad,PA Patel,0,Runs
59,2013-05-11,male,T20,"Kings XI Punjab, Sunrisers Hyderabad",Kings XI Punjab,Sunrisers Hyderabad,Kings XI Punjab,Sunrisers Hyderabad,"Punjab Cricket Association Stadium, Mohali",Kings XI Punjab,field,"S Das, RJ Tucker",Mandeep Singh,DW Steyn,AC Gilchrist,0,0,0,0,0,0,5,0,0,Mandeep Singh,caught,CL White,Sunrisers Hyderabad,PA Patel,1,Runs
59,2013-05-11,male,T20,"Kings XI Punjab, Sunrisers Hyderabad",Kings XI Punjab,Sunrisers Hyderabad,Kings XI Punjab,Sunrisers Hyderabad,"Punjab Cricket Association Stadium, Mohali",Kings XI Punjab,field,"S Das, RJ Tucker",SE Marsh,DW Steyn,AC Gilchrist,0,1,0,1,0,0,6,0,0,,,,Sunrisers Hyderabad,PA Patel,0,Runs
59,2013-05-11,male,T20,"Kings XI Punjab, Sunrisers Hyderabad",Kings XI Punjab,Sunrisers Hyderabad,Kings XI Punjab,Sunrisers Hyderabad,"Punjab Cricket Association Stadium, Mohali",Kings XI Punjab,field,"S Das, RJ Tucker",SE Marsh,I Sharma,AC Gilchrist,1,0,0,0,0,0,1,0,0,,,,Sunrisers Hyderabad,PA Patel,0,Runs
59,2013-05-11,male,T20,"Kings XI Punjab, Sunrisers Hyderabad",Kings XI Punjab,Sunrisers Hyderabad,Kings XI Punjab,Sunrisers Hyderabad,"Punjab Cricket Association Stadium, Mohali",Kings XI Punjab,field,"S Das, RJ Tucker",SE Marsh,I Sharma,AC Gilchrist,1,0,0,0,0,0,2,0,0,,,,Sunrisers Hyderabad,PA Patel,0,Runs
59,2013-05-11,male,T20,"Kings XI Punjab, Sunrisers Hyderabad",Kings XI Punjab,Sunrisers Hyderabad,Kings XI Punjab,Sunrisers Hyderabad,"Punjab Cricket Association Stadium, Mohali",Kings XI Punjab,field,"S Das, RJ Tucker",SE Marsh,I Sharma,AC Gilchrist,1,0,0,0,0,0,3,0,0,,,,Sunrisers Hyderabad,PA Patel,0,Runs
59,2013-05-11,male,T20,"Kings XI Punjab, Sunrisers Hyderabad",Kings XI Punjab,Sunrisers Hyderabad,Kings XI Punjab,Sunrisers Hyderabad,"Punjab Cricket Association Stadium, Mohali",Kings XI Punjab,field,"S Das, RJ Tucker",SE Marsh,I Sharma,AC Gilchrist,1,0,0,0,0,0,4,0,0,,,,Sunrisers Hyderabad,PA Patel,0,Runs
59,2013-05-11,male,T20,"Kings XI Punjab, Sunrisers Hyderabad",Kings XI Punjab,Sunrisers Hyderabad,Kings XI Punjab,Sunrisers Hyderabad,"Punjab Cricket Association Stadium, Mohali",Kings XI Punjab,field,"S Das, RJ Tucker",SE Marsh,I Sharma,AC Gilchrist,1,4,0,4,0,0,5,0,0,,,,Sunrisers Hyderabad,PA Patel,0,Runs
59,2013-05-11,male,T20,"Kings XI Punjab, Sunrisers Hyderabad",Kings XI Punjab,Sunrisers Hyderabad,Kings XI Punjab,Sunrisers Hyderabad,"Punjab Cricket Association Stadium, Mohali",Kings XI Punjab,field,"S Das, RJ Tucker",SE Marsh,I Sharma,AC Gilchrist,1,1,0,1,0,0,6,0,0,,,,Sunrisers Hyderabad,PA Patel,0,Runs
59,2013-05-11,male,T20,"Kings XI Punjab, Sunrisers Hyderabad",Kings XI Punjab,Sunrisers Hyderabad,Kings XI Punjab,Sunrisers Hyderabad,"Punjab Cricket Association Stadium, Mohali",Kings XI Punjab,field,"S Das, RJ Tucker",SE Marsh,DW Steyn,AC Gilchrist,2,4,0,4,0,0,1,0,0,,,,Sunrisers Hyderabad,PA Patel,0,Runs
59,2013-05-11,male,T20,"Kings XI Punjab, Sunrisers Hyderabad",Kings XI Punjab,Sunrisers Hyderabad,Kings XI Punjab,Sunrisers Hyderabad,"Punjab Cricket Association Stadium, Mohali",Kings XI Punjab,field,"S Das, RJ Tucker",SE Marsh,DW Steyn,AC Gilchrist,2,0,0,0,0,0,2,0,0,,,,Sunrisers Hyderabad,PA Patel,0,Runs
59,2013-05-11,male,T20,"Kings XI Punjab, Sunrisers Hyderabad",Kings XI Punjab,Sunrisers Hyderabad,Kings XI Punjab,Sunrisers Hyderabad,"Punjab Cricket Association Stadium, Mohali",Kings XI Punjab,field,"S Das, RJ Tucker",SE Marsh,DW Steyn,AC Gilchrist,2,0,0,0,0,0,3,0,0,,,,Sunrisers Hyderabad,PA Patel,0,Runs
59,2013-05-11,male,T20,"Kings XI Punjab, Sunrisers Hyderabad",Kings XI Punjab,Sunrisers Hyderabad,Kings XI Punjab,Sunrisers Hyderabad,"Punjab Cricket Association Stadium, Mohali",Kings XI Punjab,field,"S Das, RJ Tucker",SE Marsh,DW Steyn,AC Gilchrist,2,1,0,1,0,0,4,0,0,,,,Sunrisers Hyderabad,PA Patel,0,Runs
59,2013-05-11,male,T20,"Kings XI Punjab, Sunrisers Hyderabad",Kings XI Punjab,Sunrisers Hyderabad,Kings XI Punjab,Sunrisers Hyderabad,"Punjab Cricket Association Stadium, Mohali",Kings XI Punjab,field,"S Das, RJ Tucker",AC Gilchrist,DW Steyn,SE Marsh,2,1,0,1,0,0,5,0,0,,,,Sunrisers Hyderabad,PA Patel,0,Runs
59,2013-05-11,male,T20,"Kings XI Punjab, Sunrisers Hyderabad",Kings XI Punjab,Sunrisers Hyderabad,Kings XI Punjab,Sunrisers Hyderabad,"Punjab Cricket Association Stadium, Mohali",Kings XI Punjab,field,"S Das, RJ Tucker",SE Marsh,DW Steyn,AC Gilchrist,2,4,0,4,0,0,6,0,0,,,,Sunrisers Hyderabad,PA Patel,0,Runs
59,2013-05-11,male,T20,"Kings XI Punjab, Sunrisers Hyderabad",Kings XI Punjab,Sunrisers Hyderabad,Kings XI Punjab,Sunrisers Hyderabad,"Punjab Cricket Association Stadium, Mohali",Kings XI Punjab,field,"S Das, RJ Tucker",AC Gilchrist,I Sharma,SE Marsh,3,0,0,0,0,0,1,0,0,,,,Sunrisers Hyderabad,PA Patel,0,Runs
59,2013-05-11,male,T20,"Kings XI Punjab, Sunrisers Hyderabad",Kings XI Punjab,Sunrisers Hyderabad,Kings XI Punjab,Sunrisers Hyderabad,"Punjab Cricket Association Stadium, Mohali",Kings XI Punjab,field,"S Das, RJ Tucker",AC Gilchrist,I Sharma,SE Marsh,3,4,0,4,0,0,2,0,0,,,,Sunrisers Hyderabad,PA Patel,0,Runs
59,2013-05-11,male,T20,"Kings XI Punjab, Sunrisers Hyderabad",Kings XI Punjab,Sunrisers Hyderabad,Kings XI Punjab,Sunrisers Hyderabad,"Punjab Cricket Association Stadium, Mohali",Kings XI Punjab,field,"S Das, RJ Tucker",AC Gilchrist,I Sharma,SE Marsh,3,0,0,0,0,0,3,0,0,,,,Sunrisers Hyderabad,PA Patel,0,Runs
59,2013-05-11,male,T20,"Kings XI Punjab, Sunrisers Hyderabad",Kings XI Punjab,Sunrisers Hyderabad,Kings XI Punjab,Sunrisers Hyderabad,"Punjab Cricket Association Stadium, Mohali",Kings XI Punjab,field,"S Das, RJ Tucker",AC Gilchrist,I Sharma,SE Marsh,3,0,0,0,0,0,4,0,0,,,,Sunrisers Hyderabad,PA Patel,0,Runs
59,2013-05-11,male,T20,"Kings XI Punjab, Sunrisers Hyderabad",Kings XI Punjab,Sunrisers Hyderabad,Kings XI Punjab,Sunrisers Hyderabad,"Punjab Cricket Association Stadium, Mohali",Kings XI Punjab,field,"S Das, RJ Tucker",AC Gilchrist,I Sharma,SE Marsh,3,1,0,1,0,0,5,0,0,,,,Sunrisers Hyderabad,PA Patel,0,Runs
59,2013-05-11,male,T20,"Kings XI Punjab, Sunrisers Hyderabad",Kings XI Punjab,Sunrisers Hyderabad,Kings XI Punjab,Sunrisers Hyderabad,"Punjab Cricket Association Stadium, Mohali",Kings XI Punjab,field,"S Das, RJ Tucker",SE Marsh,I Sharma,AC Gilchrist,3,0,0,0,0,0,6,0,0,,,,Sunrisers Hyderabad,PA Patel,0,Runs
59,2013-05-11,male,T20,"Kings XI Punjab, Sunrisers Hyderabad",Kings XI Punjab,Sunrisers Hyderabad,Kings XI Punjab,Sunrisers Hyderabad,"Punjab Cricket Association Stadium, Mohali",Kings XI Punjab,field,"S Das, RJ Tucker",AC Gilchrist,NLTC Perera,SE Marsh,4,4,0,4,0,0,1,0,0,,,,Sunrisers Hyderabad,PA Patel,0,Runs
59,2013-05-11,male,T20,"Kings XI Punjab, Sunrisers Hyderabad",Kings XI Punjab,Sunrisers Hyderabad,Kings XI Punjab,Sunrisers Hyderabad,"Punjab Cricket Association Stadium, Mohali",Kings XI Punjab,field,"S Das, RJ Tucker",AC Gilchrist,NLTC Perera,SE Marsh,4,1,0,1,0,0,2,0,0,,,,Sunrisers Hyderabad,PA Patel,0,Runs
59,2013-05-11,male,T20,"Kings XI Punjab, Sunrisers Hyderabad",Kings XI Punjab,Sunrisers Hyderabad,Kings XI Punjab,Sunrisers Hyderabad,"Punjab Cricket Association Stadium, Mohali",Kings XI Punjab,field,"S Das, RJ Tucker",SE Marsh,NLTC Perera,AC Gilchrist,4,0,0,0,0,0,3,0,0,,,,Sunrisers Hyderabad,PA Patel,0,Runs
59,2013-05-11,male,T20,"Kings XI Punjab, Sunrisers Hyderabad",Kings XI Punjab,Sunrisers Hyderabad,Kings XI Punjab,Sunrisers Hyderabad,"Punjab Cricket Association Stadium, Mohali",Kings XI Punjab,field,"S Das, RJ Tucker",SE Marsh,NLTC Perera,AC Gilchrist,4,0,0,0,0,0,4,0,0,,,,Sunrisers Hyderabad,PA Patel,0,Runs
59,2013-05-11,male,T20,"Kings XI Punjab, Sunrisers Hyderabad",Kings XI Punjab,Sunrisers Hyderabad,Kings XI Punjab,Sunrisers Hyderabad,"Punjab Cricket Association Stadium, Mohali",Kings XI Punjab,field,"S Das, RJ Tucker",SE Marsh,NLTC Perera,AC Gilchrist,4,1,0,1,0,0,5,0,0,,,,Sunrisers Hyderabad,PA Patel,0,Runs
59,2013-05-11,male,T20,"Kings XI Punjab, Sunrisers Hyderabad",Kings XI Punjab,Sunrisers Hyderabad,Kings XI Punjab,Sunrisers Hyderabad,"Punjab Cricket Association Stadium, Mohali",Kings XI Punjab,field,"S Das, RJ Tucker",AC Gilchrist,NLTC Perera,SE Marsh,4,1,0,1,0,0,6,0,0,,,,Sunrisers Hyderabad,PA Patel,0,Runs
59,2013-05-11,male,T20,"Kings XI Punjab, Sunrisers Hyderabad",Kings XI Punjab,Sunrisers Hyderabad,Kings XI Punjab,Sunrisers Hyderabad,"Punjab Cricket Association Stadium, Mohali",Kings XI Punjab,field,"S Das, RJ Tucker",AC Gilchrist,I Sharma,SE Marsh,5,0,0,0,0,0,1,0,0,,,,Sunrisers Hyderabad,PA Patel,0,Runs
59,2013-05-11,male,T20,"Kings XI Punjab, Sunrisers Hyderabad",Kings XI Punjab,Sunrisers Hyderabad,Kings XI Punjab,Sunrisers Hyderabad,"Punjab Cricket Association Stadium, Mohali",Kings XI Punjab,field,"S Das, RJ Tucker",AC Gilchrist,I Sharma,SE Marsh,5,4,0,4,0,0,2,0,0,,,,Sunrisers Hyderabad,PA Patel,0,Runs
59,2013-05-11,male,T20,"Kings XI Punjab, Sunrisers Hyderabad",Kings XI Punjab,Sunrisers Hyderabad,Kings XI Punjab,Sunrisers Hyderabad,"Punjab Cricket Association Stadium, Mohali",Kings XI Punjab,field,"S Das, RJ Tucker",AC Gilchrist,I Sharma,SE Marsh,5,2,0,2,0,0,3,0,0,,,,Sunrisers Hyderabad,PA Patel,0,Runs
59,2013-05-11,male,T20,"Kings XI Punjab, Sunrisers Hyderabad",Kings XI Punjab,Sunrisers Hyderabad,Kings XI Punjab,Sunrisers Hyderabad,"Punjab Cricket Association Stadium, Mohali",Kings XI Punjab,field,"S Das, RJ Tucker",AC Gilchrist,I Sharma,SE Marsh,5,2,0,2,0,0,4,0,0,,,,Sunrisers Hyderabad,PA Patel,0,Runs
59,2013-05-11,male,T20,"Kings XI Punjab, Sunrisers Hyderabad",Kings XI Punjab,Sunrisers Hyderabad,Kings XI Punjab,Sunrisers Hyderabad,"Punjab Cricket Association Stadium, Mohali",Kings XI Punjab,field,"S Das, RJ Tucker",AC Gilchrist,I Sharma,SE Marsh,5,0,0,0,0,0,5,0,0,,,,Sunrisers Hyderabad,PA Patel,0,Runs
59,2013-05-11,male,T20,"Kings XI Punjab, Sunrisers Hyderabad",Kings XI Punjab,Sunrisers Hyderabad,Kings XI Punjab,Sunrisers Hyderabad,"Punjab Cricket Association Stadium, Mohali",Kings XI Punjab,field,"S Das, RJ Tucker",AC Gilchrist,I Sharma,SE Marsh,5,4,0,4,0,0,6,0,0,,,,Sunrisers Hyderabad,PA Patel,0,Runs
59,2013-05-11,male,T20,"Kings XI Punjab, Sunrisers Hyderabad",Kings XI Punjab,Sunrisers Hyderabad,Kings XI Punjab,Sunrisers Hyderabad,"Punjab Cricket Association Stadium, Mohali",Kings XI Punjab,field,"S Das, RJ Tucker",SE Marsh,GH Vihari,AC Gilchrist,6,0,0,0,0,0,1,0,0,,,,Sunrisers Hyderabad,PA Patel,0,Runs
59,2013-05-11,male,T20,"Kings XI Punjab, Sunrisers Hyderabad",Kings XI Punjab,Sunrisers Hyderabad,Kings XI Punjab,Sunrisers Hyderabad,"Punjab Cricket Association Stadium, Mohali",Kings XI Punjab,field,"S Das, RJ Tucker",SE Marsh,GH Vihari,AC Gilchrist,6,1,0,1,0,0,2,0,0,,,,Sunrisers Hyderabad,PA Patel,0,Runs
59,2013-05-11,male,T20,"Kings XI Punjab, Sunrisers Hyderabad",Kings XI Punjab,Sunrisers Hyderabad,Kings XI Punjab,Sunrisers Hyderabad,"Punjab Cricket Association Stadium, Mohali",Kings XI Punjab,field,"S Das, RJ Tucker",AC Gilchrist,GH Vihari,SE Marsh,6,0,0,0,0,0,3,0,0,,,,Sunrisers Hyderabad,PA Patel,0,Runs
59,2013-05-11,male,T20,"Kings XI Punjab, Sunrisers Hyderabad",Kings XI Punjab,Sunrisers Hyderabad,Kings XI Punjab,Sunrisers Hyderabad,"Punjab Cricket Association Stadium, Mohali",Kings XI Punjab,field,"S Das, RJ Tucker",AC Gilchrist,GH Vihari,SE Marsh,6,0,0,0,0,0,4,0,0,,,,Sunrisers Hyderabad,PA Patel,0,Runs
59,2013-05-11,male,T20,"Kings XI Punjab, Sunrisers Hyderabad",Kings XI Punjab,Sunrisers Hyderabad,Kings XI Punjab,Sunrisers Hyderabad,"Punjab Cricket Association Stadium, Mohali",Kings XI Punjab,field,"S Das, RJ Tucker",AC Gilchrist,GH Vihari,SE Marsh,6,0,1,1,0,0,5,0,1,,,,Sunrisers Hyderabad,PA Patel,0,Runs
59,2013-05-11,male,T20,"Kings XI Punjab, Sunrisers Hyderabad",Kings XI Punjab,Sunrisers Hyderabad,Kings XI Punjab,Sunrisers Hyderabad,"Punjab Cricket Association Stadium, Mohali",Kings XI Punjab,field,"S Das, RJ Tucker",AC Gilchrist,GH Vihari,SE Marsh,6,1,0,1,0,0,6,0,0,,,,Sunrisers Hyderabad,PA Patel,0,Runs
59,2013-05-11,male,T20,"Kings XI Punjab, Sunrisers Hyderabad",Kings XI Punjab,Sunrisers Hyderabad,Kings XI Punjab,Sunrisers Hyderabad,"Punjab Cricket Association Stadium, Mohali",Kings XI Punjab,field,"S Das, RJ Tucker",SE Marsh,GH Vihari,AC Gilchrist,6,1,0,1,0,0,7,0,0,,,,Sunrisers Hyderabad,PA Patel,0,Runs
59,2013-05-11,male,T20,"Kings XI Punjab, Sunrisers Hyderabad",Kings XI Punjab,Sunrisers Hyderabad,Kings XI Punjab,Sunrisers Hyderabad,"Punjab Cricket Association Stadium, Mohali",Kings XI Punjab,field,"S Das, RJ Tucker",SE Marsh,DJG Sammy,AC Gilchrist,7,0,0,0,0,0,1,0,0,SE Marsh,caught,NLTC Perera,Sunrisers Hyderabad,PA Patel,1,Runs
59,2013-05-11,male,T20,"Kings XI Punjab, Sunrisers Hyderabad",Kings XI Punjab,Sunrisers Hyderabad,Kings XI Punjab,Sunrisers Hyderabad,"Punjab Cricket Association Stadium, Mohali",Kings XI Punjab,field,"S Das, RJ Tucker",AC Gilchrist,DJG Sammy,LA Pomersbach,7,0,0,0,0,0,2,0,0,AC Gilchrist,bowled,,Sunrisers Hyderabad,PA Patel,1,Runs
59,2013-05-11,male,T20,"Kings XI Punjab, Sunrisers Hyderabad",Kings XI Punjab,Sunrisers Hyderabad,Kings XI Punjab,Sunrisers Hyderabad,"Punjab Cricket Association Stadium, Mohali",Kings XI Punjab,field,"S Das, RJ Tucker",DA Miller,DJG Sammy,LA Pomersbach,7,4,0,4,0,0,3,0,0,,,,Sunrisers Hyderabad,PA Patel,0,Runs
59,2013-05-11,male,T20,"Kings XI Punjab, Sunrisers Hyderabad",Kings XI Punjab,Sunrisers Hyderabad,Kings XI Punjab,Sunrisers Hyderabad,"Punjab Cricket Association Stadium, Mohali",Kings XI Punjab,field,"S Das, RJ Tucker",DA Miller,DJG Sammy,LA Pomersbach,7,1,0,1,0,0,4,0,0,,,,Sunrisers Hyderabad,PA Patel,0,Runs
59,2013-05-11,male,T20,"Kings XI Punjab, Sunrisers Hyderabad",Kings XI Punjab,Sunrisers Hyderabad,Kings XI Punjab,Sunrisers Hyderabad,"Punjab Cricket Association Stadium, Mohali",Kings XI Punjab,field,"S Das, RJ Tucker",LA Pomersbach,DJG Sammy,DA Miller,7,0,0,0,0,0,5,0,0,,,,Sunrisers Hyderabad,PA Patel,0,Runs
59,2013-05-11,male,T20,"Kings XI Punjab, Sunrisers Hyderabad",Kings XI Punjab,Sunrisers Hyderabad,Kings XI Punjab,Sunrisers Hyderabad,"Punjab Cricket Association Stadium, Mohali",Kings XI Punjab,field,"S Das, RJ Tucker",LA Pomersbach,DJG Sammy,DA Miller,7,0,0,0,0,0,6,0,0,,,,Sunrisers Hyderabad,PA Patel,0,Runs
59,2013-05-11,male,T20,"Kings XI Punjab, Sunrisers Hyderabad",Kings XI Punjab,Sunrisers Hyderabad,Kings XI Punjab,Sunrisers Hyderabad,"Punjab Cricket Association Stadium, Mohali",Kings XI Punjab,field,"S Das, RJ Tucker",DA Miller,GH Vihari,LA Pomersbach,8,1,0,1,0,0,1,0,0,,,,Sunrisers Hyderabad,PA Patel,0,Runs
59,2013-05-11,male,T20,"Kings XI Punjab, Sunrisers Hyderabad",Kings XI Punjab,Sunrisers Hyderabad,Kings XI Punjab,Sunrisers Hyderabad,"Punjab Cricket Association Stadium, Mohali",Kings XI Punjab,field,"S Das, RJ Tucker",LA Pomersbach,GH Vihari,DA Miller,8,0,0,0,0,0,2,0,0,,,,Sunrisers Hyderabad,PA Patel,0,Runs
59,2013-05-11,male,T20,"Kings XI Punjab, Sunrisers Hyderabad",Kings XI Punjab,Sunrisers Hyderabad,Kings XI Punjab,Sunrisers Hyderabad,"Punjab Cricket Association Stadium, Mohali",Kings XI Punjab,field,"S Das, RJ Tucker",LA Pomersbach,GH Vihari,DA Miller,8,0,0,0,0,0,3,0,0,,,,Sunrisers Hyderabad,PA Patel,0,Runs
59,2013-05-11,male,T20,"Kings XI Punjab, Sunrisers Hyderabad",Kings XI Punjab,Sunrisers Hyderabad,Kings XI Punjab,Sunrisers Hyderabad,"Punjab Cricket Association Stadium, Mohali",Kings XI Punjab,field,"S Das, RJ Tucker",LA Pomersbach,GH Vihari,DA Miller,8,0,0,0,0,0,4,0,0,,,,Sunrisers Hyderabad,PA Patel,0,Runs
59,2013-05-11,male,T20,"Kings XI Punjab, Sunrisers Hyderabad",Kings XI Punjab,Sunrisers Hyderabad,Kings XI Punjab,Sunrisers Hyderabad,"Punjab Cricket Association Stadium, Mohali",Kings XI Punjab,field,"S Das, RJ Tucker",LA Pomersbach,GH Vihari,DA Miller,8,0,0,0,0,0,5,0,0,,,,Sunrisers Hyderabad,PA Patel,0,Runs
59,2013-05-11,male,T20,"Kings XI Punjab, Sunrisers Hyderabad",Kings XI Punjab,Sunrisers Hyderabad,Kings XI Punjab,Sunrisers Hyderabad,"Punjab Cricket Association Stadium, Mohali",Kings XI Punjab,field,"S Das, RJ Tucker",LA Pomersbach,GH Vihari,DA Miller,8,0,0,0,0,0,6,0,0,,,,Sunrisers Hyderabad,PA Patel,0,Runs
59,2013-05-11,male,T20,"Kings XI Punjab, Sunrisers Hyderabad",Kings XI Punjab,Sunrisers Hyderabad,Kings XI Punjab,Sunrisers Hyderabad,"Punjab Cricket Association Stadium, Mohali",Kings XI Punjab,field,"S Das, RJ Tucker",DA Miller,DJG Sammy,LA Pomersbach,9,0,0,0,0,0,1,0,0,,,,Sunrisers Hyderabad,PA Patel,0,Runs
59,2013-05-11,male,T20,"Kings XI Punjab, Sunrisers Hyderabad",Kings XI Punjab,Sunrisers Hyderabad,Kings XI Punjab,Sunrisers Hyderabad,"Punjab Cricket Association Stadium, Mohali",Kings XI Punjab,field,"S Das, RJ Tucker",DA Miller,DJG Sammy,LA Pomersbach,9,0,0,0,0,0,2,0,0,,,,Sunrisers Hyderabad,PA Patel,0,Runs
59,2013-05-11,male,T20,"Kings XI Punjab, Sunrisers Hyderabad",Kings XI Punjab,Sunrisers Hyderabad,Kings XI Punjab,Sunrisers Hyderabad,"Punjab Cricket Association Stadium, Mohali",Kings XI Punjab,field,"S Das, RJ Tucker",DA Miller,DJG Sammy,LA Pomersbach,9,0,0,0,0,0,3,0,0,,,,Sunrisers Hyderabad,PA Patel,0,Runs
59,2013-05-11,male,T20,"Kings XI Punjab, Sunrisers Hyderabad",Kings XI Punjab,Sunrisers Hyderabad,Kings XI Punjab,Sunrisers Hyderabad,"Punjab Cricket Association Stadium, Mohali",Kings XI Punjab,field,"S Das, RJ Tucker",DA Miller,DJG Sammy,LA Pomersbach,9,0,0,0,0,0,4,0,0,DA Miller,caught,CL White,Sunrisers Hyderabad,PA Patel,1,Runs
59,2013-05-11,male,T20,"Kings XI Punjab, Sunrisers Hyderabad",Kings XI Punjab,Sunrisers Hyderabad,Kings XI Punjab,Sunrisers Hyderabad,"Punjab Cricket Association Stadium, Mohali",Kings XI Punjab,field,"S Das, RJ Tucker",R Sathish,DJG Sammy,LA Pomersbach,9,1,0,1,0,0,5,0,0,,,,Sunrisers Hyderabad,PA Patel,0,Runs
59,2013-05-11,male,T20,"Kings XI Punjab, Sunrisers Hyderabad",Kings XI Punjab,Sunrisers Hyderabad,Kings XI Punjab,Sunrisers Hyderabad,"Punjab Cricket Association Stadium, Mohali",Kings XI Punjab,field,"S Das, RJ Tucker",LA Pomersbach,DJG Sammy,R Sathish,9,2,0,2,0,0,6,0,0,,,,Sunrisers Hyderabad,PA Patel,0,Runs
59,2013-05-11,male,T20,"Kings XI Punjab, Sunrisers Hyderabad",Kings XI Punjab,Sunrisers Hyderabad,Kings XI Punjab,Sunrisers Hyderabad,"Punjab Cricket Association Stadium, Mohali",Kings XI Punjab,field,"S Das, RJ Tucker",R Sathish,KV Sharma,LA Pomersbach,10,0,0,0,0,0,1,0,0,,,,Sunrisers Hyderabad,PA Patel,0,Runs
59,2013-05-11,male,T20,"Kings XI Punjab, Sunrisers Hyderabad",Kings XI Punjab,Sunrisers Hyderabad,Kings XI Punjab,Sunrisers Hyderabad,"Punjab Cricket Association Stadium, Mohali",Kings XI Punjab,field,"S Das, RJ Tucker",R Sathish,KV Sharma,LA Pomersbach,10,2,0,2,0,0,2,0,0,,,,Sunrisers Hyderabad,PA Patel,0,Runs
59,2013-05-11,male,T20,"Kings XI Punjab, Sunrisers Hyderabad",Kings XI Punjab,Sunrisers Hyderabad,Kings XI Punjab,Sunrisers Hyderabad,"Punjab Cricket Association Stadium, Mohali",Kings XI Punjab,field,"S Das, RJ Tucker",R Sathish,KV Sharma,LA Pomersbach,10,1,0,1,0,0,3,0,0,,,,Sunrisers Hyderabad,PA Patel,0,Runs
59,2013-05-11,male,T20,"Kings XI Punjab, Sunrisers Hyderabad",Kings XI Punjab,Sunrisers Hyderabad,Kings XI Punjab,Sunrisers Hyderabad,"Punjab Cricket Association Stadium, Mohali",Kings XI Punjab,field,"S Das, RJ Tucker",LA Pomersbach,KV Sharma,R Sathish,10,0,0,0,0,0,4,0,0,,,,Sunrisers Hyderabad,PA Patel,0,Runs
59,2013-05-11,male,T20,"Kings XI Punjab, Sunrisers Hyderabad",Kings XI Punjab,Sunrisers Hyderabad,Kings XI Punjab,Sunrisers Hyderabad,"Punjab Cricket Association Stadium, Mohali",Kings XI Punjab,field,"S Das, RJ Tucker",LA Pomersbach,KV Sharma,R Sathish,10,0,0,0,0,0,5,0,0,,,,Sunrisers Hyderabad,PA Patel,0,Runs
59,2013-05-11,male,T20,"Kings XI Punjab, Sunrisers Hyderabad",Kings XI Punjab,Sunrisers Hyderabad,Kings XI Punjab,Sunrisers Hyderabad,"Punjab Cricket Association Stadium, Mohali",Kings XI Punjab,field,"S Das, RJ Tucker",LA Pomersbach,KV Sharma,R Sathish,10,3,0,3,0,0,6,0,0,,,,Sunrisers Hyderabad,PA Patel,0,Runs
59,2013-05-11,male,T20,"Kings XI Punjab, Sunrisers Hyderabad",Kings XI Punjab,Sunrisers Hyderabad,Kings XI Punjab,Sunrisers Hyderabad,"Punjab Cricket Association Stadium, Mohali",Kings XI Punjab,field,"S Das, RJ Tucker",LA Pomersbach,A Mishra,R Sathish,11,1,0,1,0,0,1,0,0,,,,Sunrisers Hyderabad,PA Patel,0,Runs
59,2013-05-11,male,T20,"Kings XI Punjab, Sunrisers Hyderabad",Kings XI Punjab,Sunrisers Hyderabad,Kings XI Punjab,Sunrisers Hyderabad,"Punjab Cricket Association Stadium, Mohali",Kings XI Punjab,field,"S Das, RJ Tucker",R Sathish,A Mishra,LA Pomersbach,11,0,0,0,0,0,2,0,0,,,,Sunrisers Hyderabad,PA Patel,0,Runs
59,2013-05-11,male,T20,"Kings XI Punjab, Sunrisers Hyderabad",Kings XI Punjab,Sunrisers Hyderabad,Kings XI Punjab,Sunrisers Hyderabad,"Punjab Cricket Association Stadium, Mohali",Kings XI Punjab,field,"S Das, RJ Tucker",R Sathish,A Mishra,LA Pomersbach,11,0,0,0,0,0,3,0,0,,,,Sunrisers Hyderabad,PA Patel,0,Runs
59,2013-05-11,male,T20,"Kings XI Punjab, Sunrisers Hyderabad",Kings XI Punjab,Sunrisers Hyderabad,Kings XI Punjab,Sunrisers Hyderabad,"Punjab Cricket Association Stadium, Mohali",Kings XI Punjab,field,"S Das, RJ Tucker",R Sathish,A Mishra,LA Pomersbach,11,1,0,1,0,0,4,0,0,,,,Sunrisers Hyderabad,PA Patel,0,Runs
59,2013-05-11,male,T20,"Kings XI Punjab, Sunrisers Hyderabad",Kings XI Punjab,Sunrisers Hyderabad,Kings XI Punjab,Sunrisers Hyderabad,"Punjab Cricket Association Stadium, Mohali",Kings XI Punjab,field,"S Das, RJ Tucker",LA Pomersbach,A Mishra,R Sathish,11,0,0,0,0,0,5,0,0,,,,Sunrisers Hyderabad,PA Patel,0,Runs
59,2013-05-11,male,T20,"Kings XI Punjab, Sunrisers Hyderabad",Kings XI Punjab,Sunrisers Hyderabad,Kings XI Punjab,Sunrisers Hyderabad,"Punjab Cricket Association Stadium, Mohali",Kings XI Punjab,field,"S Das, RJ Tucker",LA Pomersbach,A Mishra,R Sathish,11,0,0,0,0,0,6,0,0,,,,Sunrisers Hyderabad,PA Patel,0,Runs
59,2013-05-11,male,T20,"Kings XI Punjab, Sunrisers Hyderabad",Kings XI Punjab,Sunrisers Hyderabad,Kings XI Punjab,Sunrisers Hyderabad,"Punjab Cricket Association Stadium, Mohali",Kings XI Punjab,field,"S Das, RJ Tucker",R Sathish,NLTC Perera,LA Pomersbach,12,0,0,0,0,0,1,0,0,,,,Sunrisers Hyderabad,PA Patel,0,Runs
59,2013-05-11,male,T20,"Kings XI Punjab, Sunrisers Hyderabad",Kings XI Punjab,Sunrisers Hyderabad,Kings XI Punjab,Sunrisers Hyderabad,"Punjab Cricket Association Stadium, Mohali",Kings XI Punjab,field,"S Das, RJ Tucker",R Sathish,NLTC Perera,LA Pomersbach,12,0,0,0,0,0,2,0,0,,,,Sunrisers Hyderabad,PA Patel,0,Runs
59,2013-05-11,male,T20,"Kings XI Punjab, Sunrisers Hyderabad",Kings XI Punjab,Sunrisers Hyderabad,Kings XI Punjab,Sunrisers Hyderabad,"Punjab Cricket Association Stadium, Mohali",Kings XI Punjab,field,"S Das, RJ Tucker",R Sathish,NLTC Perera,LA Pomersbach,12,1,0,1,0,0,3,0,0,,,,Sunrisers Hyderabad,PA Patel,0,Runs
59,2013-05-11,male,T20,"Kings XI Punjab, Sunrisers Hyderabad",Kings XI Punjab,Sunrisers Hyderabad,Kings XI Punjab,Sunrisers Hyderabad,"Punjab Cricket Association Stadium, Mohali",Kings XI Punjab,field,"S Das, RJ Tucker",LA Pomersbach,NLTC Perera,R Sathish,12,0,0,0,0,0,4,0,0,,,,Sunrisers Hyderabad,PA Patel,0,Runs
59,2013-05-11,male,T20,"Kings XI Punjab, Sunrisers Hyderabad",Kings XI Punjab,Sunrisers Hyderabad,Kings XI Punjab,Sunrisers Hyderabad,"Punjab Cricket Association Stadium, Mohali",Kings XI Punjab,field,"S Das, RJ Tucker",LA Pomersbach,NLTC Perera,R Sathish,12,0,4,4,0,4,5,0,0,,,,Sunrisers Hyderabad,PA Patel,0,Runs
59,2013-05-11,male,T20,"Kings XI Punjab, Sunrisers Hyderabad",Kings XI Punjab,Sunrisers Hyderabad,Kings XI Punjab,Sunrisers Hyderabad,"Punjab Cricket Association Stadium, Mohali",Kings XI Punjab,field,"S Das, RJ Tucker",LA Pomersbach,NLTC Perera,R Sathish,12,4,0,4,0,0,6,0,0,,,,Sunrisers Hyderabad,PA Patel,0,Runs
59,2013-05-11,male,T20,"Kings XI Punjab, Sunrisers Hyderabad",Kings XI Punjab,Sunrisers Hyderabad,Kings XI Punjab,Sunrisers Hyderabad,"Punjab Cricket Association Stadium, Mohali",Kings XI Punjab,field,"S Das, RJ Tucker",R Sathish,A Mishra,LA Pomersbach,13,6,0,6,0,0,1,0,0,,,,Sunrisers Hyderabad,PA Patel,0,Runs
59,2013-05-11,male,T20,"Kings XI Punjab, Sunrisers Hyderabad",Kings XI Punjab,Sunrisers Hyderabad,Kings XI Punjab,Sunrisers Hyderabad,"Punjab Cricket Association Stadium, Mohali",Kings XI Punjab,field,"S Das, RJ Tucker",R Sathish,A Mishra,LA Pomersbach,13,6,0,6,0,0,2,0,0,,,,Sunrisers Hyderabad,PA Patel,0,Runs
59,2013-05-11,male,T20,"Kings XI Punjab, Sunrisers Hyderabad",Kings XI Punjab,Sunrisers Hyderabad,Kings XI Punjab,Sunrisers Hyderabad,"Punjab Cricket Association Stadium, Mohali",Kings XI Punjab,field,"S Das, RJ Tucker",R Sathish,A Mishra,LA Pomersbach,13,4,0,4,0,0,3,0,0,,,,Sunrisers Hyderabad,PA Patel,0,Runs
59,2013-05-11,male,T20,"Kings XI Punjab, Sunrisers Hyderabad",Kings XI Punjab,Sunrisers Hyderabad,Kings XI Punjab,Sunrisers Hyderabad,"Punjab Cricket Association Stadium, Mohali",Kings XI Punjab,field,"S Das, RJ Tucker",R Sathish,A Mishra,LA Pomersbach,13,1,0,1,0,0,4,0,0,,,,Sunrisers Hyderabad,PA Patel,0,Runs
59,2013-05-11,male,T20,"Kings XI Punjab, Sunrisers Hyderabad",Kings XI Punjab,Sunrisers Hyderabad,Kings XI Punjab,Sunrisers Hyderabad,"Punjab Cricket Association Stadium, Mohali",Kings XI Punjab,field,"S Das, RJ Tucker",LA Pomersbach,A Mishra,R Sathish,13,0,0,0,0,0,5,0,0,,,,Sunrisers Hyderabad,PA Patel,0,Runs
59,2013-05-11,male,T20,"Kings XI Punjab, Sunrisers Hyderabad",Kings XI Punjab,Sunrisers Hyderabad,Kings XI Punjab,Sunrisers Hyderabad,"Punjab Cricket Association Stadium, Mohali",Kings XI Punjab,field,"S Das, RJ Tucker",LA Pomersbach,A Mishra,R Sathish,13,1,0,1,0,0,6,0,0,,,,Sunrisers Hyderabad,PA Patel,0,Runs
59,2013-05-11,male,T20,"Kings XI Punjab, Sunrisers Hyderabad",Kings XI Punjab,Sunrisers Hyderabad,Kings XI Punjab,Sunrisers Hyderabad,"Punjab Cricket Association Stadium, Mohali",Kings XI Punjab,field,"S Das, RJ Tucker",LA Pomersbach,DW Steyn,R Sathish,14,0,0,0,0,0,1,0,0,,,,Sunrisers Hyderabad,PA Patel,0,Runs
59,2013-05-11,male,T20,"Kings XI Punjab, Sunrisers Hyderabad",Kings XI Punjab,Sunrisers Hyderabad,Kings XI Punjab,Sunrisers Hyderabad,"Punjab Cricket Association Stadium, Mohali",Kings XI Punjab,field,"S Das, RJ Tucker",LA Pomersbach,DW Steyn,R Sathish,14,0,0,0,0,0,2,0,0,,,,Sunrisers Hyderabad,PA Patel,0,Runs
59,2013-05-11,male,T20,"Kings XI Punjab, Sunrisers Hyderabad",Kings XI Punjab,Sunrisers Hyderabad,Kings XI Punjab,Sunrisers Hyderabad,"Punjab Cricket Association Stadium, Mohali",Kings XI Punjab,field,"S Das, RJ Tucker",LA Pomersbach,DW Steyn,R Sathish,14,0,0,0,0,0,3,0,0,,,,Sunrisers Hyderabad,PA Patel,0,Runs
59,2013-05-11,male,T20,"Kings XI Punjab, Sunrisers Hyderabad",Kings XI Punjab,Sunrisers Hyderabad,Kings XI Punjab,Sunrisers Hyderabad,"Punjab Cricket Association Stadium, Mohali",Kings XI Punjab,field,"S Das, RJ Tucker",LA Pomersbach,DW Steyn,R Sathish,14,0,1,1,0,0,4,0,1,,,,Sunrisers Hyderabad,PA Patel,0,Runs
59,2013-05-11,male,T20,"Kings XI Punjab, Sunrisers Hyderabad",Kings XI Punjab,Sunrisers Hyderabad,Kings XI Punjab,Sunrisers Hyderabad,"Punjab Cricket Association Stadium, Mohali",Kings XI Punjab,field,"S Das, RJ Tucker",LA Pomersbach,DW Steyn,R Sathish,14,0,0,0,0,0,5,0,0,,,,Sunrisers Hyderabad,PA Patel,0,Runs
59,2013-05-11,male,T20,"Kings XI Punjab, Sunrisers Hyderabad",Kings XI Punjab,Sunrisers Hyderabad,Kings XI Punjab,Sunrisers Hyderabad,"Punjab Cricket Association Stadium, Mohali",Kings XI Punjab,field,"S Das, RJ Tucker",LA Pomersbach,DW Steyn,R Sathish,14,2,0,2,0,0,6,0,0,,,,Sunrisers Hyderabad,PA Patel,0,Runs
59,2013-05-11,male,T20,"Kings XI Punjab, Sunrisers Hyderabad",Kings XI Punjab,Sunrisers Hyderabad,Kings XI Punjab,Sunrisers Hyderabad,"Punjab Cricket Association Stadium, Mohali",Kings XI Punjab,field,"S Das, RJ Tucker",LA Pomersbach,DW Steyn,R Sathish,14,1,0,1,0,0,7,0,0,,,,Sunrisers Hyderabad,PA Patel,0,Runs
59,2013-05-11,male,T20,"Kings XI Punjab, Sunrisers Hyderabad",Kings XI Punjab,Sunrisers Hyderabad,Kings XI Punjab,Sunrisers Hyderabad,"Punjab Cricket Association Stadium, Mohali",Kings XI Punjab,field,"S Das, RJ Tucker",LA Pomersbach,NLTC Perera,R Sathish,15,0,0,0,0,0,1,0,0,,,,Sunrisers Hyderabad,PA Patel,0,Runs
59,2013-05-11,male,T20,"Kings XI Punjab, Sunrisers Hyderabad",Kings XI Punjab,Sunrisers Hyderabad,Kings XI Punjab,Sunrisers Hyderabad,"Punjab Cricket Association Stadium, Mohali",Kings XI Punjab,field,"S Das, RJ Tucker",LA Pomersbach,NLTC Perera,R Sathish,15,1,0,1,0,0,2,0,0,,,,Sunrisers Hyderabad,PA Patel,0,Runs
59,2013-05-11,male,T20,"Kings XI Punjab, Sunrisers Hyderabad",Kings XI Punjab,Sunrisers Hyderabad,Kings XI Punjab,Sunrisers Hyderabad,"Punjab Cricket Association Stadium, Mohali",Kings XI Punjab,field,"S Das, RJ Tucker",R Sathish,NLTC Perera,LA Pomersbach,15,0,0,0,0,0,3,0,0,,,,Sunrisers Hyderabad,PA Patel,0,Runs
59,2013-05-11,male,T20,"Kings XI Punjab, Sunrisers Hyderabad",Kings XI Punjab,Sunrisers Hyderabad,Kings XI Punjab,Sunrisers Hyderabad,"Punjab Cricket Association Stadium, Mohali",Kings XI Punjab,field,"S Das, RJ Tucker",R Sathish,NLTC Perera,LA Pomersbach,15,1,0,1,0,0,4,0,0,,,,Sunrisers Hyderabad,PA Patel,0,Runs
59,2013-05-11,male,T20,"Kings XI Punjab, Sunrisers Hyderabad",Kings XI Punjab,Sunrisers Hyderabad,Kings XI Punjab,Sunrisers Hyderabad,"Punjab Cricket Association Stadium, Mohali",Kings XI Punjab,field,"S Das, RJ Tucker",LA Pomersbach,NLTC Perera,R Sathish,15,0,0,0,0,0,5,0,0,,,,Sunrisers Hyderabad,PA Patel,0,Runs
59,2013-05-11,male,T20,"Kings XI Punjab, Sunrisers Hyderabad",Kings XI Punjab,Sunrisers Hyderabad,Kings XI Punjab,Sunrisers Hyderabad,"Punjab Cricket Association Stadium, Mohali",Kings XI Punjab,field,"S Das, RJ Tucker",LA Pomersbach,NLTC Perera,R Sathish,15,1,0,1,0,0,6,0,0,,,,Sunrisers Hyderabad,PA Patel,0,Runs
59,2013-05-11,male,T20,"Kings XI Punjab, Sunrisers Hyderabad",Kings XI Punjab,Sunrisers Hyderabad,Kings XI Punjab,Sunrisers Hyderabad,"Punjab Cricket Association Stadium, Mohali",Kings XI Punjab,field,"S Das, RJ Tucker",LA Pomersbach,DJG Sammy,R Sathish,16,2,0,2,0,0,1,0,0,,,,Sunrisers Hyderabad,PA Patel,0,Runs
59,2013-05-11,male,T20,"Kings XI Punjab, Sunrisers Hyderabad",Kings XI Punjab,Sunrisers Hyderabad,Kings XI Punjab,Sunrisers Hyderabad,"Punjab Cricket Association Stadium, Mohali",Kings XI Punjab,field,"S Das, RJ Tucker",LA Pomersbach,DJG Sammy,R Sathish,16,1,0,1,0,0,2,0,0,,,,Sunrisers Hyderabad,PA Patel,0,Runs
59,2013-05-11,male,T20,"Kings XI Punjab, Sunrisers Hyderabad",Kings XI Punjab,Sunrisers Hyderabad,Kings XI Punjab,Sunrisers Hyderabad,"Punjab Cricket Association Stadium, Mohali",Kings XI Punjab,field,"S Das, RJ Tucker",R Sathish,DJG Sammy,LA Pomersbach,16,0,1,1,1,0,3,0,0,,,,Sunrisers Hyderabad,PA Patel,0,Runs
59,2013-05-11,male,T20,"Kings XI Punjab, Sunrisers Hyderabad",Kings XI Punjab,Sunrisers Hyderabad,Kings XI Punjab,Sunrisers Hyderabad,"Punjab Cricket Association Stadium, Mohali",Kings XI Punjab,field,"S Das, RJ Tucker",LA Pomersbach,DJG Sammy,R Sathish,16,1,0,1,0,0,4,0,0,,,,Sunrisers Hyderabad,PA Patel,0,Runs
59,2013-05-11,male,T20,"Kings XI Punjab, Sunrisers Hyderabad",Kings XI Punjab,Sunrisers Hyderabad,Kings XI Punjab,Sunrisers Hyderabad,"Punjab Cricket Association Stadium, Mohali",Kings XI Punjab,field,"S Das, RJ Tucker",R Sathish,DJG Sammy,LA Pomersbach,16,1,0,1,0,0,5,0,0,R Sathish,run out,"NLTC Perera, PA Patel",Sunrisers Hyderabad,PA Patel,1,Runs
59,2013-05-11,male,T20,"Kings XI Punjab, Sunrisers Hyderabad",Kings XI Punjab,Sunrisers Hyderabad,Kings XI Punjab,Sunrisers Hyderabad,"Punjab Cricket Association Stadium, Mohali",Kings XI Punjab,field,"S Das, RJ Tucker",PP Chawla,DJG Sammy,LA Pomersbach,16,0,0,0,0,0,6,0,0,,,,Sunrisers Hyderabad,PA Patel,0,Runs
59,2013-05-11,male,T20,"Kings XI Punjab, Sunrisers Hyderabad",Kings XI Punjab,Sunrisers Hyderabad,Kings XI Punjab,Sunrisers Hyderabad,"Punjab Cricket Association Stadium, Mohali",Kings XI Punjab,field,"S Das, RJ Tucker",LA Pomersbach,NLTC Perera,PP Chawla,17,1,0,1,0,0,1,0,0,,,,Sunrisers Hyderabad,PA Patel,0,Runs
59,2013-05-11,male,T20,"Kings XI Punjab, Sunrisers Hyderabad",Kings XI Punjab,Sunrisers Hyderabad,Kings XI Punjab,Sunrisers Hyderabad,"Punjab Cricket Association Stadium, Mohali",Kings XI Punjab,field,"S Das, RJ Tucker",PP Chawla,NLTC Perera,LA Pomersbach,17,0,0,0,0,0,2,0,0,PP Chawla,caught,S Dhawan,Sunrisers Hyderabad,PA Patel,1,Runs
59,2013-05-11,male,T20,"Kings XI Punjab, Sunrisers Hyderabad",Kings XI Punjab,Sunrisers Hyderabad,Kings XI Punjab,Sunrisers Hyderabad,"Punjab Cricket Association Stadium, Mohali",Kings XI Punjab,field,"S Das, RJ Tucker",LA Pomersbach,NLTC Perera,P Kumar,17,0,1,1,0,1,3,0,0,,,,Sunrisers Hyderabad,PA Patel,0,Runs
59,2013-05-11,male,T20,"Kings XI Punjab, Sunrisers Hyderabad",Kings XI Punjab,Sunrisers Hyderabad,Kings XI Punjab,Sunrisers Hyderabad,"Punjab Cricket Association Stadium, Mohali",Kings XI Punjab,field,"S Das, RJ Tucker",P Kumar,NLTC Perera,LA Pomersbach,17,0,0,0,0,0,4,0,0,,,,Sunrisers Hyderabad,PA Patel,0,Runs
59,2013-05-11,male,T20,"Kings XI Punjab, Sunrisers Hyderabad",Kings XI Punjab,Sunrisers Hyderabad,Kings XI Punjab,Sunrisers Hyderabad,"Punjab Cricket Association Stadium, Mohali",Kings XI Punjab,field,"S Das, RJ Tucker",P Kumar,NLTC Perera,LA Pomersbach,17,1,0,1,0,0,5,0,0,,,,Sunrisers Hyderabad,PA Patel,0,Runs
59,2013-05-11,male,T20,"Kings XI Punjab, Sunrisers Hyderabad",Kings XI Punjab,Sunrisers Hyderabad,Kings XI Punjab,Sunrisers Hyderabad,"Punjab Cricket Association Stadium, Mohali",Kings XI Punjab,field,"S Das, RJ Tucker",LA Pomersbach,NLTC Perera,P Kumar,17,2,0,2,0,0,6,0,0,,,,Sunrisers Hyderabad,PA Patel,0,Runs
59,2013-05-11,male,T20,"Kings XI Punjab, Sunrisers Hyderabad",Kings XI Punjab,Sunrisers Hyderabad,Kings XI Punjab,Sunrisers Hyderabad,"Punjab Cricket Association Stadium, Mohali",Kings XI Punjab,field,"S Das, RJ Tucker",P Kumar,DW Steyn,LA Pomersbach,18,0,0,0,0,0,1,0,0,P Kumar,bowled,,Sunrisers Hyderabad,PA Patel,1,Runs
59,2013-05-11,male,T20,"Kings XI Punjab, Sunrisers Hyderabad",Kings XI Punjab,Sunrisers Hyderabad,Kings XI Punjab,Sunrisers Hyderabad,"Punjab Cricket Association Stadium, Mohali",Kings XI Punjab,field,"S Das, RJ Tucker",Harmeet Singh,DW Steyn,LA Pomersbach,18,2,0,2,0,0,2,0,0,,,,Sunrisers Hyderabad,PA Patel,0,Runs
59,2013-05-11,male,T20,"Kings XI Punjab, Sunrisers Hyderabad",Kings XI Punjab,Sunrisers Hyderabad,Kings XI Punjab,Sunrisers Hyderabad,"Punjab Cricket Association Stadium, Mohali",Kings XI Punjab,field,"S Das, RJ Tucker",Harmeet Singh,DW Steyn,LA Pomersbach,18,0,0,0,0,0,3,0,0,,,,Sunrisers Hyderabad,PA Patel,0,Runs
59,2013-05-11,male,T20,"Kings XI Punjab, Sunrisers Hyderabad",Kings XI Punjab,Sunrisers Hyderabad,Kings XI Punjab,Sunrisers Hyderabad,"Punjab Cricket Association Stadium, Mohali",Kings XI Punjab,field,"S Das, RJ Tucker",Harmeet Singh,DW Steyn,LA Pomersbach,18,0,0,0,0,0,4,0,0,,,,Sunrisers Hyderabad,PA Patel,0,Runs
59,2013-05-11,male,T20,"Kings XI Punjab, Sunrisers Hyderabad",Kings XI Punjab,Sunrisers Hyderabad,Kings XI Punjab,Sunrisers Hyderabad,"Punjab Cricket Association Stadium, Mohali",Kings XI Punjab,field,"S Das, RJ Tucker",Harmeet Singh,DW Steyn,LA Pomersbach,18,1,0,1,0,0,5,0,0,,,,Sunrisers Hyderabad,PA Patel,0,Runs
59,2013-05-11,male,T20,"Kings XI Punjab, Sunrisers Hyderabad",Kings XI Punjab,Sunrisers Hyderabad,Kings XI Punjab,Sunrisers Hyderabad,"Punjab Cricket Association Stadium, Mohali",Kings XI Punjab,field,"S Das, RJ Tucker",LA Pomersbach,DW Steyn,Harmeet Singh,18,1,0,1,0,0,6,0,0,,,,Sunrisers Hyderabad,PA Patel,0,Runs
59,2013-05-11,male,T20,"Kings XI Punjab, Sunrisers Hyderabad",Kings XI Punjab,Sunrisers Hyderabad,Kings XI Punjab,Sunrisers Hyderabad,"Punjab Cricket Association Stadium, Mohali",Kings XI Punjab,field,"S Das, RJ Tucker",LA Pomersbach,DJG Sammy,Harmeet Singh,19,1,0,1,0,0,1,0,0,Harmeet Singh,run out,"I Sharma, DJG Sammy",Sunrisers Hyderabad,PA Patel,1,Runs
59,2013-05-11,male,T20,"Kings XI Punjab, Sunrisers Hyderabad",Kings XI Punjab,Sunrisers Hyderabad,Kings XI Punjab,Sunrisers Hyderabad,"Punjab Cricket Association Stadium, Mohali",Kings XI Punjab,field,"S Das, RJ Tucker",LA Pomersbach,DJG Sammy,P Awana,19,6,0,6,0,0,2,0,0,,,,Sunrisers Hyderabad,PA Patel,0,Runs
59,2013-05-11,male,T20,"Kings XI Punjab, Sunrisers Hyderabad",Kings XI Punjab,Sunrisers Hyderabad,Kings XI Punjab,Sunrisers Hyderabad,"Punjab Cricket Association Stadium, Mohali",Kings XI Punjab,field,"S Das, RJ Tucker",LA Pomersbach,DJG Sammy,P Awana,19,1,0,1,0,0,3,0,0,,,,Sunrisers Hyderabad,PA Patel,0,Runs
59,2013-05-11,male,T20,"Kings XI Punjab, Sunrisers Hyderabad",Kings XI Punjab,Sunrisers Hyderabad,Kings XI Punjab,Sunrisers Hyderabad,"Punjab Cricket Association Stadium, Mohali",Kings XI Punjab,field,"S Das, RJ Tucker",P Awana,DJG Sammy,LA Pomersbach,19,0,0,0,0,0,4,0,0,P Awana,caught,I Sharma,Sunrisers Hyderabad,PA Patel,1,Runs
59,2013-05-11,male,T20,"Kings XI Punjab, Sunrisers Hyderabad",Kings XI Punjab,Sunrisers Hyderabad,Kings XI Punjab,Sunrisers Hyderabad,"Punjab Cricket Association Stadium, Mohali",Kings XI Punjab,field,"S Das, RJ Tucker",LA Pomersbach,DJG Sammy,Sandeep Sharma,19,1,0,1,0,0,5,0,0,,,,Sunrisers Hyderabad,PA Patel,0,Runs
59,2013-05-11,male,T20,"Kings XI Punjab, Sunrisers Hyderabad",Kings XI Punjab,Sunrisers Hyderabad,Kings XI Punjab,Sunrisers Hyderabad,"Punjab Cricket Association Stadium, Mohali",Kings XI Punjab,field,"S Das, RJ Tucker",Sandeep Sharma,DJG Sammy,LA Pomersbach,19,0,0,0,0,0,6,0,0,,,,Sunrisers Hyderabad,PA Patel,0,Runs
